,virus_id,sequence,subtype,phenotype,ic50,right_censored,bnAb,subtype_phenotype
0,DU172_17,MRVMGILRSYQQWWIWGILGFWMLMICNVWGNLWVTVYYGVPVWKEAKTTLFCASDAKAHKEEVHNIWATHACVPTDPNPQEIVLKNVTENFNMWKNDMVDQMHEDIISLWDQSLKPCVKLTPLCVTLNCSDVKIKGTNATYNNATYNNNNTISDMKNCSFNTTTEITDKKKKEYALFYKLDVVALDGKETNSTNSSEYRLINCNTSAVTQACPKVSFDPIPIHYCAPAGYAILKCNNKTFNGTGPCNNVSTVQCTHGIKPVVSTQLLLNGSLAEEEVVIRFENLTNNAKIIIVHLNESVEINCTRPSNNTRKSVRIGPGQTFFATGDIIGDIRQAHCNISRKKWNTTLQRVKEKLKEKFPNKTIQFAPSSGGDLEITTHSFNCRGEFFYCYTSDLFNSTYMSNNTGGANITLQCRIKQIIRMWQGVGQAMYAPPIAGNITCKSNITGLLLTRDGGKEKNDTETFRPGGGDMRDNWRSELYKYKVVEIKPLGIAPDKAKRRVVEREKRAVGIGAVFLGFLGAAGSTMGAASMTLTVQARQLLSGIVQQQSNLLRAIEAQQHMLQLTVWGIKQLQTRVLAIERYLKDQQLLGIWGCSGKLICTTAVPWNASWSNKSYEEIWGNMTWMQWDREINNYTNTIYSLLEESQNQQEKNEKDLLALDSWESLWSWFNITNWLWYIRIFIIIVGGLIGLRIIFAVLSIVNRVRQGYSPLSFQTLTPSPREPDRLGRIEEEGGEQDRARSVRLVNGFLALAWEDLRSLCLFSYHRLRDLILIAARAAALLGRSSLWGLQKGWEALKYLGSLVQYWGLELKKSAISLFDAIAITVAEGTDRIINIVQRISRAFYNIPRRIRQGFEATLQ,C,1,30.0,1,325,3
1,Q842_D12,MRAMGIQMNCQNLWRWGTMILGMIIFCSAVDNLWVTVYYGVPVWKEAETTLFCASDAKAYETEKHNVWATHACVPTDPNPQEIHLENVTEEFNMWKNNMVEQMHTDIISLWDQSLKPCVKLTPLCVTLDCNNVTNNGTSDMREEIKNCSFNMTTELRDKRQKVYSLFYKLDIVQINEDQGNSSNNKYRLITCNTSAITQACPKVTFEPIPIHYCAPAGFAILKCKDEEFNGIGPCKNVSTVQCTHGIKPVVSTQLLLNGSLAEKEVKIRCENITNNAKTIIVQLVNPVKINCTRPNNNTRKSIHIGPGQAFYATGDIIGDIRQAHCNVNRTEWNNTLHQVVEQLRKHFNKTINFANSTGGDLEITTHSFNCGGEFFYCNTTNLFNSTWNHTASMNSTESNDTIILPCRIKQIINMWQRVGQAMYAPPIRGVIRCESNITGLILTRDGGNTNSTRETFRPGGGDMRDNWRSELYKYKVVKIEPLGVAPTKAKRRVVEREKRAVGIGAVFIGFLGAAGSTMGAASITLTVQARQLLSGIVQQQSNLLRAIEAQQHLLKLTVWGIKQLQARVLAVERYLKDQQLLGIWGCSGKLICTTSVPWNSSWSNKSQNEIWDNMTWLQWDKEISNYTQIIYDLLEESQNQQEKNEQDLLALDKWANLWNWFDISNWLWYIKIFIMIVGGLIGLRIVFAVLSVINRVRQGYSPLSFQTHTPNPRGLDRPERIEEEGGEQDKNRSIRLVSGFLALAWDDLRSLCLFSYHRLRDFILIVARTVELLGHSSLKGLRLGWEGLKYLGNLLSYWGRELRISATNLLDTIAIVIAGWTDRVIEIGQRLCRAFLNIPRRIRQGFERALL,A1,0,0.02,0,325,4
2,BG505_W6M_C2_T332N,MRVMGIQRNCQHLFRWGTMILGMIIICSAAENLWVTVYYGVPVWKDAETTLFCASDAKAYETEKHNVWATHACVPTDPNPQEIHLENVTEEFNMWKNNMVEQMHTDIISLWDQSLKPCVKLTPLCVTLQCTNVTNNITDDMRGELKNCSFNMTTELRDKKQKVYSLFYRLDVVQINENQGNRSNNSNKEYRLINCNTSAITQACPKVSFEPIPIHYCAPAGFAILKCKDKKFNGTGPCPSVSTVQCTHGIKPVVSTQLLLNGSLAEEEVMIRSENITNNAKNILVQFNTPVQINCTRPNNNTRKSIRIGPGQAFYATGDIIGDIRQAHCNVSKATWNETLGKVVKQLRKHFGNNTIIRFANSSGGDLEVTTHSFNCGGEFFYCNTSGLFNSTWISNTSVQGSNSTGSNDSITLPCRIKQIINMWQRIGQAMYAPPIQGVIRCVSNITGLILTRDGGSTNSTTETFRPGGGDMRDNWRSELYKYKVVKIEPLGVAPTRAKRRVVGREKRAVGIGAVFLGFLGAAGSTMGAASMTLTVQARNLLSGIVQQQSNLLRAIEAQQHLLKLTVWGIKQLQARVLAVERYLRDQQLLGIWGCSGKLICTTNVPWNSSWSNRNLSEIWDNMTWLQWDKEISNYTQIIYGLLEESQNQQEKNEQDLLALDKWASLWNWFDISNWLWYIKIFIMIVGGLIGLRIVFAVLSVIHRVRQGYSPLSFQTHTPNPRGLDRPERIEEEDGEQDRGRSTRLVSGFLALAWDDLRSLCLFCYHRLRDFILIAARIVELLGHSSLKGLRLGWEGLKYLWNLLAYWGRELKISAINLFDTIAIAVAEWTDRVIEIGQRLCRAFLHIPRRIRQGLERALL,A1,0,0.251,0,325,4
3,3415_V1_C1,MRVMGIQRNCQHLLRWGIMILGIIIISSTAENLWVTVYYGVPVWKDAETTLFCASDAKAHDTEKHNVWATHACVPTDPNPQEIHLENVTENFNMWKNNMVDQMHTDIISLWDQSLKPCVQLTPLCVTLNCNHNVTTNNNTNITSEMREEIRNCSFNVTTVQRDKKQKVYSLFYRLDIVQMNEGNNSSNNSANEYRLINCNTSAITQACPKVSFQPIPIHYCAPAGFAILKCRDKEFNGTGVCKNVSTVQCTHGIKPVVSTQLLLNGSLAEEKVMIRTENITDNAKTIIVQLNKTVTINCTRPGNNTRKSIHIGPGQAFYATGDIIGGIRQAHCNVSRKDWNDTLQRVVEQLGNHFNKTIIFDKPSGGDIEITTHSFNCGGEFFYCNTSGLFNSTWKFNGTWNSTDLESNNTVITLPCRIKQIINMWQRVGQAMYAPPIKGVIRCESSITGLLLTRDGGENNSTEIFRPGGGDMRDNWRSELYKYKVVKIEPLGVAPSKAKRRVVEREKRAIGMGAVFLGFLGAAGSTMGAASLTLTVQARQLLSGIVQQQSNLLRAIEAQQQLLRLTVWGIKQLQARVLAVERYLKDQQLLGIWGCSGKLICTTSVPWNSSWSNKSYDEIWGNMTWLQWDKEVSNYTQIIYSLIEESQNQQEKNEQELLALDKWTTLWSWFDISNWLWYIRIFIIIVGGLIGLRIVFAVLSVINRVRQGYSPLSFQTLIPQTGDLDRPGRIEEEGGEQGRDRSIRLVSGFLALAWDDLRSLCLFSYHRLRDFILIVARTVELLGQGSLKGLRLVWEGLKYLWSLLLYWSQELKFSAINLLDTIAITVAGWTDRAIEIGIRIGRAIIHIPRRIRQGAERALQ,A1,0,0.266,0,325,4
4,ZM109_4,MRVKGILRNCQQWWIWGILGFWMLMICNVVGNLWVTVYYGVPVWKEAKTTLFCASDAKSYEREVHNVWATHACVPTDPDPQELVMANVTENFNMWKNDMVDQMHEDIISLWDQSLKPCVKLTPLCVTLNCTSPAAHNESETRVKHCSFNITTDVKDRKQKVNATFYDLDIVPLSSSDNSSNSSLYRLISCNTSTITQACPKVSFDPIPIHYCAPAGYAILKCNNKTFSGKGPCSNVSTVQCTHGIRPVVSTQLLLNGSLAEEEIVIRSENLTDNAKTIIVHLNKSVEIECIRPGNNTRKSIRLGPGQTFYATGDVIGDIRKAYCKINGSEWNETLTKVSEKLKEYFNKTIRFAQHSGGDLEVTTHSFNCRGEFFYCNTSELFNSNATESNITLPCRIKQIINMWQGVGRAMYAPPIRGEIKCTSNITGLLLTRDGGNNNNSTEEIFRPEGGNMRDNWRSELYKYKVVEIKPLGIAPTEAKRRVVQREKRAVGIGAVFLGFLGAAGSTMGAASITLTVQARQLLSGIVQQQSNLLRAIEAQQHLLQLTVWGIKQLQARVLAIERYLQDQQLLGIWGCSGKLICTTAVPWNSSWSNKSKEEIWGNMTWMQWDKEVSNYTFTIYQLLEESQYQQEQNEKELLALNKWNDLWSWFNITNWLWYIKIFIMIVGGLIGLRIIFAVLSIVNRVRQGYSPLSFQTLTPNPGGPDRLGRIEGEGGEQDKNRSIRLVNGFLALIWDDLWSLCRFSYHLLRDFILIVARAVELLGRSSLKGLQRGWEALKYLGNLMQYWGLELKRSAINLLDTTAVAVAEGTDRIIELAQGIYRAICNIPRRIRQGFEAALQ,C,0,0.0229999999999999,0,325,2
5,T278_50,MRVMGIQKSYPLLWSWGIIFWIMMIGNANQMWVTVYYGVPVWRDAETTLFCASDAKAYDTEAHNVWATHACVPTDPNPQEIHLKNVTENFNMWKNAMVEQMNEDIISLWDQSLKPCVKLTPLCVTLHCHNFTSSSNSSNSTVSPQMRGEIQNCSFNTTTLLKDKKKKEYALFYRQDIVPLDTNGTNIDTNGTNSSQYMLINCNTSTIAQACPKITFEPIPIHYCAPAGFAILKCRDKEFNGTGTCKNVSTVQCTHGIKPVVSTQLLLNGSTAEEGIVIRSKNISANAKTIIVQLDEPVRINCTRPGNNTRKSVHLGPGQAFYATGDIIGDIRQAYCNVSGTEWNKTLHRVATKLKGYFKSNTTIIFTKPSGGDLEITTHSFNCGGEFFYCNTSNLFNGTLYKNNTWMFNGTLYNNTNESSTSGTITIKCRIKQIINMWQTVGQAMYAPPIPGEIRCESNITGLLLTRDGEGDEKANETFRPIGGNMRDNWRSELYKYKVVKIEPLGVAPTPAKRRVVEREKRAVGLGAVFLGFLGAAGSTMGAASITLTVQARQLLSGIVQQQSNLLKAIEAQQHLLKLTVWGIKQLQARVLALERYLTDQQLLGIWGCSGKLICTTTVPWNSSWSNKTYNDIWDNMTWLQWDKEISNYTDTIYKLLEESQNQQEKNEKDLLALDKWANLWNWFNISNWLWYIKIFIMIVGGLIGLRIVFAVLTIINRVRQGYSPLSFQTLSHHQREPDRPEGIEEGGGEQGRDRSVRLVSGFLALAWDDLRSLCLFSYHRLRDFVLIAARTVELLGHSSLKGLRLVWEALKYLWNLLTYWSQELKNSAVNLFNTIAIEVANWTDRVIEIGQRACRAIRNVPVRIRQGLERALL,02_AG,1,30.0,1,325,4
6,3365_V2_C20,MRVRGIQRNWQHLLRWGTMILGIIIICSAAENMWVTVYYGVPVWRDAETTLFCASDAKGYETEKHNVWATHACVPTDPNPQEIHLENVTEEFNMWKNNMVDQMHTDIISLWDQSLKPCVKLTPLCVTLQCSDVTSNGTNSNVTNREEMKNCSFNVTTEIRDKKQKVYSLFYRLDIVQISNSSNSSEYILINCNTSTLTQACPKISFEPIPIHYCAPAGFAILKCKDEEFDGTGPCKNVSTVQCTHGIKPVVSTQLLLNGSLAEKGVKVRSENITNNAKNIIIQLSKPVEINCIRPNNNTRKSIRIGPGQSFYATGDIIEDIREAHCNVSQTEWNNTLHQVAEQLQKYFNNKTIIFNGSSGGDLEITTHSFNCGGEFFYCNTSGLFNSSWNINGNRESNKTQSNGTITLPCRIKQIINMWQRAGQAIYAPPIQGAIKCVSNITGLILTRDGGNNNNSSNETFRPGGGDMRDNWRSELYKYKVVKIEPLGVAPTRAKRRVVEREKRAVGIGAVFLGFLGAAGSTMGAASITLTVQARQLLSGIVQQQSNLLRAIEAQQQLLKLTVWGIKQLQARVLAVERYLRDQQLLGIWGCSGKLICTTNVPWNSSWSNKSYSEIWDNMTWLQWDKEVSNYTQIIYQLIEESQNQQEKNEQDLLALDKWASLWNWFNISNWLWYIKIFIMIIGGLIGLRIVFIVISVINRVRQGYSPLSFQIHTPAPVDLDRPGRIEEEGGEQGRGRSIRLVSGFLALAWDDLRNLCLFSYHRLRDLILIAARTVELLGHSSLKGLRLGWEGLKYLWNLLLYWGRELKNSAINLFDTIAIAVAGWTDRIIEIGQRIGRAILNIPTRIRQGFERALL,A1,0,0.329,0,325,4
7,ZM53_12,MRVREIPRNYQQWWIWGILGFWMLMICSVVGNLWVTVYYGVPVWREAKTTLFCASDAKAYEREVHNVWATHACVPTDPNPQEMVLENVTENFNMWKNDMVDQMQEDIISLWDQSLKPCVKLTPLCVTLNCSKLNNATDGEMKNCSFNATTELRDKKKQVYALFYKLDIVPLDGRNNSSEYRLINCNTSTITQACPKVSFDPIPIHYCAPAGYAILKCNNKTFNGTGPCHNVSTVQCTHGIKPVISTQLLLNGSTAEEDIIIRSENLTNNAKTIIVHLNESIEIECTRPGNNTRKSIRIGPGQAFFATTNIIGDIRQAYCIINKANWTNTLHRVSKKLEEHFPNKTINFNSSSGGDLEITTHSFNCGGEFFYCNTSSLFNGTYNDTDIYNSTDIILLCRIKQIINMWQEVGRAMYAPPIEGNITCSSNITGLLLTRDGGLTNESKETFRPGGGDMRDNWRSELYKYKVVEIKPLGIAPTKAKRRVVEREKRAVGLGAMFLGFLGAAGSTMGAASITLTVQARQLLSGIVQQQNNLLRAIEAQQHMLQLTVWGIKQLQARVLAIERYLKDQQLLGLWGCSGKLVCTTAVPWNSSWSNKSQEDIWNNTTWMQWDKEVSNYTKTIYKLLEKSQNQQEENEKDLLALDSWNNLWNWFDISNWLWYIKIFIMIVGGLIGLRIIFAVLSIVNRVRQGYSPLSFQTLTQNPRGLDRLGRIEEEGGEQDRDRSVRLVNGFLALFWDDLRSLCLFSYHRLRDFILIATRVVELLGRSSLKGLQRGWEALRYLGSRVQYWGLELKKSAISLFDTIAIAVAEGTDRIIELIQRSWRAIRNIPRRIRQGFETALL,C,0,0.705,0,325,2
8,3016_V5_C45,MRVREMKRNWQNLWKGGILLLGILMICSAADNLWVTVYYGVPVWKEAKTTLFCASDAKSYRTEAHNIWATHACVPTDPNPQELELENVTENFNMWKNDMVNQMHEDIISLWDQSLKPCVKLTPLCVTLNCQEMNSSTKTNSSISNEDKRMNCSFNVTTVVRDRKKQVAALFYRLDLVAVDNDNSTNYRLINCNTSAITQACPKVSFEPIPIHYCAPAGFAILKCRDKQFNGTGPCTNVSTVQCTHGIRPVVSTQLLLNGSLAEEEIMIRSENISNNAYNIIVQLNESVAIDCTRPYNNTRQSIHIGPGQAVYATDARKIVGDIRQAYCTIDGTEWKKMLQRVAEKLGSLINKPTIKFKPSAGGDAEITTHSFNCGGEFFYCNTSNLFNYTWNNSTGLGNITRNITLPCRIKQIINMWQGVGKAMYAPPIEGQIKCSSNITGLILTRDGGNTSDDHETFRPGGGNMKDNWRSELYKYKVVRIEPIGLAPTKAKRRVVEREKRAIGLGAMFLGFLGAAGSTMGSASVALTVQARQLLSGIVQQQNNLLRAIEAQQHLLQLTVWGIKQLQARVLAVERYLKDQQLLGLWGCSGKHICTTNVPWNSSWSNRSLDNIWHNMTWMEWEREIDNYTGLIYSLIENSQIQQEKNEQELLELDKWASLWNWFDITRWLWYIKIFIMVVGGLIGLRIVFVVLSLVNRVRQGYSPLSFQTLLPAPRGLGRPEEIEEEGGERGRDRSIRLVNGFSALIWDDLRNLCLFSYHRLRDLLLIAARIVELLGRRGWEALKYLWNLLQYWSQELKTSAVSLIDTIAIAVAEGTDRVIEIIQRACRTVVNIPVRIRQGLERLLL,D,1,30.0,1,325,4
9,T251_18,MRVMGTQRNYPLLWKWGMIIFWIMIICNAKELWVTVYYGVPVWKDAETTLFCASDAKAYDTEVHNVWATHACVPTDPDPQEMYLENVTENFNMWKNNMVEQMHEDIISLWDQSLKPCVKLTPLCVTLLCKDVNNSTNKTTIYKEMNGEIKNCSFNMTTELKDKTKKMYALFNRYDVVQISEQNNSQSDNSTDREYMLTSCNASTITQACPKVTFEPIPIHYCAPAGFAILKCRDKGFNGTGPCKNVSTVQCTHGIKPAVSTQLLLNGSLAEENITIRSENITNNAKTIIIQLKKPVNITCIRPGNNTRKSVRIGPGQTFYATGDIIGDIRQAHCNVSRGKWNNTLNQVATQLRKYFNNNTAIIFTNSSGGDSEITTFSFNCAGEFFYCNTSGLFNSTWYSNSTNSSNHTNGTDDITLQCRIKQIVNMWQRVGQAMYAPPIRGEIRCESNITGILLTRDGGNNGSKANETFRPGGGDMRDNWRSELYKYKVVKIEPIGIAPTHAKRRVVEREKRAVGLGAFFLGFLGVAGSTMGAASMTLTVQARHLLSGIVQQQSNLLKAIEAQQQLLRLTVWGIKQLQARVLALERYLRDQQLLGIWGCSGKLICTTTVPWNSTWSNKTYNDIWDNMTWLQWDKEINNYTETIYWLLEQSQHQQEKNEQELLSLDKWASLWNWFGITNWLWYIKIFIMIVGGLIGLRIVFTVLSIINRVRQGYSPLSFQTLLHHQREPDRPERIEKGGGEQDRGRSVRLVSGFLALAWDDLRNLCLFSYHRLRDLALIVARSVELLGHSSLKGLRLGWEALKYLWNILSYWGRELKNSAINLLDTTAIATANWTDRVIEIGQRLGRAILNIPRRIRQGAERALL,02_AG,0,1.234,0,325,4
10,T250_4,MRVMGIQRNYPPLWRWGTMIFWMMMLCSAEKLWVTVYYGVPVWREADTTLFCASDAKGYDTEAHNVWATHACVPTDPRPQEMYLENVTENFNMWKNSMVEQMHTDIISLWDESLKPCVKLTPLCVTLDCQAFNSSSHTNSSIAMQEMKNCSFNVTTELRDKKKKEYSFFYKTDIEQINKNGRQYRLINCNTSAITQACPKVSFEPIPIHFCAPAGFAILKCNEKHFNGKGPCKNVSTVQCTHGIKPVVSTQLLLNGSLAEEEVVIRVENTIDNAKTIIVQLAKPVKINCTRPNNNTRKSIRIGPGQTFYATGDIIGNIRKAYCNVSKREWNNTLQQVAAQLSKSFNNTKIVFEKHSGGDLEVITHSFVCGGEFFYCNTSGLFNSTWTNSTWTNSTTGSNGTESNDTITLQCEIKQFINMWQRVGRAMYAPPIPGVIRCESDITGLLLTRDGPNSTQNETFRPGGGDMRDNWRSELYKYKVVQIEPLGVAPTHAKRRVVEREKRAVGLGAVFFGFLGAAGSTMGAASITLTVQARQLLSGIVQQQSNLLKAIEAQQQLLRLTVWGIKQLQARVLALERYLKDQQLLGIWGCSGKLICTTTVPWNSSWSNKNYTDIWDNMTWLQWDREISNYTDEIYRLIEQSQNQQEKNEQDLLALDKWASLWNWFDITNWLWYIKIFIMIVGGLIGLRIIFTVLNVINRVRQGYSPLSFQTLTHHQREPDRPERIEEGGGEQDRDRSVRLVSGFLALAWDDLRSLCLFSFHRLRDLVLIAARGVELLGHSSLKGLRLGWEALKLLGNLLSYWGQELKNSAINLLDAVAIAVANWTDRVIKIGQRAGRAILNIPIRIRQGLERALL,02_AG,1,30.0,1,325,4
11,R1166_C1,MRAKETQMNWPNLWKWGTLILGLVIICSASNNLWVTVYYGVPVWRDADTTLFCASDAKAHETEVHNVWATHACVPTDPNPQEIHLANVTENFNMWKNNMAEQMQEDVISLWDQSLKPCVKLTPLCVTLNCTKANFTKANSTNTSTNVSSTTGNITEEVRIENRTEEVRNCSFNMTTELRDKQQKVYALFYKLDLAQIGDKNSSNYRLINCNTSVIKQACPKISFDPIPIHYCTPAGYAILKCNDKNFNGTGPCKNVSSVQCTHGIKPVVSTQLLLNGSLAEEEIIIRSENLTNNAKTIIVHLNKSVEIKCTRPFNNTRTSVTIGPGQVFYKTGDIIGDIRRAYCEINRTEWNTTLKQVTKKLEKEFKNKTIIFQPPSGGDLEITMHHFNCRGEFFYCNTSHLFNSTWWMGNETREGCNSTNCTIILPCKIKQIINLWQKVGQAMYAPPIRGNISCVSNITGILLTRDGGVNNSTNETFRPGGGNIKDNWRNELYKYKVVQIEPLGIAPTRAKRRVVEREKRAVGIGAMIFGFLGAAGSTMGAASITLTVQARQLLSGIVQQQSNLLRAIEAQQHLLQLTVWGIKQLQARVLAVERYLKDQTFLGLWGCSGKIICTTAVPWNSTWSNKSYEEIWENMTWIEWEREISNYTNQIYGILTESQNQQDRNEKDLLELDKWASLWNWFDITKWLWYIKIFIMIVGGLIGLRIIFAVLSLVNRVRQGYSPLSFQTLTHHQREPDRPERTEEGGGEQDRDRSVRLVTGFLALAWDDLRSLCLFLYHRLRDFIWIAARTLELLGHSSLKGLRRGWEGLKYLGNLLLYWGQELKTSAISLLDATAIAVAGWTDRVIEVAQGAWRAFLHIPRRIRQGLERALL,01_AE,0,0.651,0,325,4
12,620345_C1,MKVKETQMNWLNLWRWGTLILGLVMICSASDKLWVTVYYGVPVWRDADTTLFCASDAKVHSTEVHNVWATHACVPTDPNPQEIHLENVTENFNMWQNKMAEQMQEDVISLWDQSLKPCIKLTPLCVTLSCTEAKFNETFNKIDNITKVSNLTDEMRNCSFNMTTELRDKKQQVYALFYKLDIVPIDNSSEYRLINCNTSVIKQACPKVSFDPIPIHYCTPAGYAILKCNDKNFNGTGPCKNVSSVQCTHGIKPVVSTHLLLNGSLAEEEIVIRSEDITKNTKTIIVHLNKSVEINCTRPSNNTRTSVRIGPGQVFYRTGEVITSIRKAYCEINGTKWNETLRQVAKKLKEHFKNKTIIFQPPSGGDLEVTTHHFNCRGEFFYCDTAQLFNSTWRGNETKEERNGTSNDIIILPCRIKQIVRMWQGVGQSMYAPPISGIINCVSNITGILLTSDGDGGPTADNETFRPAGGDMRDNWRSELYKYKVVQIEPLGIAPTRAKRRVVDREKRAVGIGAMIFGFLGAAGSTMGAASITLTVQARQLLSGIVQQQSNLLRAIEVQQHLLQLTVWGIKQLQARVLAVERYLKDQKFLGLWGCSGKIICTTAVPWNSTWSNKSYEDIWYNMTWIEWEREISNYTSQIYEILTESQNQQDRNEKDLLELDKWASLWNWFDITNWLWYIKIFIMIVGGLIGLRIIFAVLSIVNRVRQGYSPLSLQIPTRHQREPDRPEGIEEGGGEQGRDRSVRLVSGFLALAWDDLRSLCLFSYHRLRDFILIVARTVELLGRSSLKGLRRGWEGLKYLGNLLLYWSQELKISAISLLDATAIAVAGWTDRIIEVAQRAWRAFLHIPRRIRQGLERALL,01_AE,1,30.0,1,325,4
13,X1254_C3,MKARGTQTNWQPLWKWGILILGLVIICNASDNLWVTVYYGVPVWEDANTTLFCASDAKAYSTESHNVWATHACVPTDPNPQEIPLENVTENFNMWKNNMVEQMHEDIISLWDESLKPCVKLTPLCVTLTCTNVTNNNNATNSSTVESNREELRNCSFNTTTAIQDKKKQEYALFYKLDIVPITGSGNSSAGNYRLINCNVSTIKQACPKVTFDPIPIHYCAPAGFAILKCRDKKFNGTGPCKNVSTVQCTHGIKPVISTQLLLNGSLAEEEIIIRSENITDNTKNIIVQLKEAINIICTRPSNNTRKSISLGPGQAFFATGDIIGDIRQAHCNISGTDWNNMIQNVSEKLKGIFNKSSITFNPPSGGDLEIITHSFNCRGEFFYCNTSKLFNSSLFNSSTNSNNETITIPCKIKQIVRMWQRVGQAMYAPPIAGNITCSSNITGLILVRDGGTNNNTNETVRPAGGDMRDNWRSELYKYKIVKIKPLGIAPTRARRRVVEREKRAVGLGAFLLGFLGTAGSTMGAASLTLTVQVRQLLSGIVQQQSNLLRAIEAQQHLLQLTVWGIKQLQARVLAVERYLKDQQLLGIWGCSGRLICTTNVPWNASWSNKSYNDIWDNLTWVQWGREISNYTQQIYNLLEESQNQQEKNEQDLLALDKWASLWTWFDISNWLWYIRIFIMIVGGLIGLRIVFAVLSIINRVRKGYSPLSFQTLTHHQREPDRPGGIEEEGGGKDKDKSIRLVSGFFALAWDDPRSLCLFSYHRLRDLLLIVTRTVELLGHRGWEILKYLGNLLLYWGQELKNSAISLFDTVAIAVANWTDSAIEVLQRAFRAILHIPTRIRQGLERALL,G,1,30.0,1,325,4
14,231965_C1,MRVREIQRNYQYLWRWGTMLLGMLMTYSVAEQFWVTVYYGVPVWKEASTTLFCASDAKAYEAEAHNIWATHACVPTDPNPQEIEIKNVTENFNMWKNDMVEQMHEDIISLWDQSLQPCVKLTPLCVTLNCSDLDNSNKGNATNTTVASEAGMNTTVAPEAGMKNCSFNITTEVKDKKKLVYAHFYNLDVVQLDGNTNSYRLIHCNTSAITRACPKITFEPIPIHYCAPAGFAILRCNNKMFNGTGPCNNVSTVQCTHGIKPVVSTQLLLNGSLAEEGVIIRSENLTDNTKTIIVQLNESVIINCTRPNNNTRQGVHIGPGQALFTNRVIGNIRLAYCNISRKDWNKTLRQVAEKLGNLYNKTKIIFEPSSGGDPEIVTHSFNCGGEFFYCSTSKLFNETIDLNNTYNASIENNTIITLPCRIKQIINMWQGVGKAIYAPPIEGLIKCTSNITGILLTRDGGRDNSSSNETFRPGGGDMRDNWRSELYKYKVVKIEPIGLAPTKAKRRVVEREKRAIGLGAMFLGFLGAAGSTMGAASVTLTVQARQLLSGIVQQQNNLLRAIEAQQHLLQLTVWGIKQLQARVLAVERYLKDQQLLGIWGCSGKLICTTTVPWNTSWSNRTQEIWDNLTWMEWEREIDNYTGLIYSLIEESQIQQEQNEKDLLELDKWASLWNWFSITNWLWYIRLFIMIVGGLIGLRIIFAVLSIVNRVRQGYSPLSFQTLLPAPRGPDRPEGIEEEGGEQGRGRSIRLVNGFSALIWDDLRNLCLFIYHRLRDLILIATRIVELLGRRGWEALKYLWNLLQYWIQELKNSAISLLNTTAIAVAEGTDRAIEIIQTVVRAILNIPTRIRQGFERALL,D,0,0.393,0,325,4
