,virus_id,sequence,subtype,phenotype,ic50,right_censored,bnAb,subtype_phenotype
0,6041_V3_C23,MRVMGTQRNCQHLLRWGIMILGVIIICSTADNLWVTVYYGVPVWKDAETTLFCASDAKAQETEKHNVWATHACVPTDPDPQEILLENVTERFNMWKNSMVDQMHADIISLWDQSLKPCVKLTPLCVTLNCHNVNATNATITNNASITNDMEGEIKNCSFNVTTAQRDKRQQVYSLFYRLDIVQMNKDNSSNNRNNTEYRLINCNTSAITQACPKVSFEPIPIHYCAPAGFAILKCRDEMFSGTGLCKNVSTVQCTHGIKPVVSTQLLLNGSLAEKETMVRSENITNNAKTIIVQFAEPVIINCIRPNNNTRKSVAIGPGQAFYATGDIIGNIRQAHCDINRTQWNDNLRKVAKKLGEEYFKYKNITFTNSSGGDLEITTHSFNCGGEFFYCNTTGLFNSTWNANNWNTTSTGSNDTITLPCRIKQIINMWQRVGQAMYAPPIKGVIRCESNITGLMLTRDGGNDSNETFRPGGGDMRDNWRSELYKYKVVKIEPLGVAPTRAKRRVVEREKRAVGIGAVFLGFLGAAGSTMGAASITLTVQARQLLSGIVQQQNNLLRAIEAQQQLLRLTVWGIKQLQARVLAVERYLKDQQLLGIWGCSGKLICTTTVPWNSSWSNKSYTEIWDNMTWMQWDKEISNYTQIIYNLIEESQNQQEKNEQDLLALDKWTTLWNWFDISNWLWYIRIFIMIVGGLIGLRIIFAVLSIVNRVRQGYSPLSFQTLTPNPRGPDRPGRIEEEGGEQDRDRSTRLVSGFLALVWDDLRSLCLFSYHRLRDLILIAARTVELLGRSSLRGLQRGWEILKYLGSLVQYWGIELKKSAISLLDTLAIAVAEGTDRILEFTQRICRAIYNIPRRIRQGFEAALQ,A1C,1,50.0,1,397,4
2,CNE12,MRVKGIRKNYQHLWRWGTMLLGMLMICSAAENLWVTVYYGVPVWKEATTTLFCASDAKAYDTEVHNIWATHACVPTDPNPQEVVLGNVTENFNMWKNDMVEQMHEDIISLWDQSLKPCVKLTPLCVTLNCTNLRNTNNTSSNTSNMTEGGEIKNCSFDITTSIRTKVKDYALFYELDIVAIDNTSYRLRQCNTSVITQACPKISFEPIPIHYCTPAGFAILKCNNKTFNGTGPCTNVSTVQCTHRIRPVVSTQLLLNGSLAEEEVVIRSSNFTDNAKVIIVQLKESVEINCTRPNNNTRKSIPLGPGKAWYTTGQIIGDIRQAHCNLSRAKWENTLQQITKKLREQFGNKTIIFNQSSGGDPEVVTHSFNCGGEFFYCNTSQLFNSTWYNNSTWNDTNDTTENSTITLPCRIKQIVNMWQEVGKAMYAPPIRGQIRCSSNITGLLLTRDGGKNESNTTETFRPGGGDMRDNWRSELYKYKVVKIEPLGVAPTRAKRRVVQREKRAVGTIGAMFLGFLGAAGSTMGAASITLTVQARQLLSGIVQQQRNLLRAIEAQQHLLQLTVWGIKQLQARVLAVERYLKDQQLLGIWGCSGKLICTTAVPWNVSWSNRSLSEIWDNMTWMEWEREIGNYTKQIYSLIEESQNQQEKNELELLEWDKWASLWNWFNITNWLWYIKIFIMVVGGLVGLRIIFAVLSIVNRVRQGYSPLSLQTRFPTQRGPGRPGGIEEEGGERDRDRSERLVNGFLTFFWEDLRSLCLFSYHRLRDLLLIVARIVELLGRRGWEALRYWWNLLQYWIQELKSSAISLLNATAIAVGEGTDRIIEVAQRIYRAILNIPTRIRQGLERALV,B,0,0.13,0,397,0
3,TH023_6,MRVKETQMTWPNLWKWGTLILGLVIICSASDNLWVTVYYGVPVWRDADTTLFCASDAKAQETEAHNVWATHACVPTDPNPQELHLENVTENFNMWKNNMVEQMQEDVISLWDQSLKPCVKLTPLCVTLNCTNANVTNVKNITNVPNIIGNITDEVRNCSFNMTTELRDKKQKVHALFYKLDIVPIEDNTSSSKYRLINCNTSVIKQACPKISFDPIPIHYCTPAGYAILKCNDKNFNGTGPCKNVSSVQCTHGIKPAVSTQLLLNGSLAEEEIIIRSENLTNNAKTIIVHLNKSVEINCTRPSNNTRTSINIGPGQVFYRTGDIIGDIRKAYCEINGAKWNEVLKKVTEKLKEHFNNKTIIFQPPSGGDLEITMHHFNCRGEFFYCNTTRLFNNTCMENETMEGCNGTIILPCKIKQIINMWQRAGQAMYAPPISGRINCVSNITGILLTRDGGLNNTNETFRPGGGNIKDNWRSELYKYKVVQIEPLGIAPTRAKRRVVEREKRAVGIGAMIFGFLGAAGSTMGAASITLTVQARQLLSGIVQQQSNLLRAIEAQQHLLQLTVWGIKQLQARVLAVERYLKDQKLLGLWGCSGKIICTTAVPWNSTWSNRSFEEIWNNMTWIEWEREISNYTNQIYEILTQSQNQQDRNEKDLLELDKWASLWKWFDITNWLWYIKIFIMIVGGLIGLRIIFAVLSIVNRVRQGYSPLSLQIPTHHQREPDRPERIEEGGGEQGRDKSVRLVSGFLALTWDDLRSLCLFSYHRLRDFISIAARTVELLGHSSLKGLRRGWEGLKYLGNLILYWGQELKISAISLLNATAIAVAGWTDRVIEVAQGAWRAILHIPRRIRQGLERTLL,01_AE,1,50.0,1,397,4
5,ZA012_29,MRVRGIPRNWPQWWIWGILGFWMIIICRVVGNMWVTVYYGVPVWTDAKTTLFCASDAKAYDREVHNVWATHACVPTDPNPQEIVLENVTENFNMWKNDMVDQMHEDIISLWDQSLKPCVKLTPLCVTLHCTNATFKNNVTNDMNKEIRNCSFNTTTEIRDKKQQGYALFYRPDIVLLKENRNNSNNSEYILINCNASTITQACPKVNFDPIPIHYCAPAGYAILKCNNETFSGKGPCNNVSTVQCTHGIKPVVSTQLLLNGSLAEKEIIIRSENLTDNVKTIIVHLNKSVEIVCTRPNNNTRKSMRIGPGQTFYATGDIIGDIRQAYCNISESMWKETLERVKEKLKENYNNNKTIKFAPSSGGDLEITTHSFNCRGEFFYCNTSKLFSYNGTGNETIILPCRIKQIINMWQGVGRAMYAPPIAGNITCKSNITGLLLVRDGGEDNKTEETFRPGGGNMKDNWRSELYKYKVIELKPLGIAPTGAKRRVVEREKRAVGIGAVFLGFLGAAGSTMGAASLALTVQARQLLSGIVQQQSNLLRAIEAQQHMLQLTVWGIKQLQTRVLAIERYLKDQQLLGIWGCSGKLICTTNVPWNSSWSNKSQTDIWNNMTWMEWDREISNYTDTIYRLLEDSQTQQEKNEKDLLALDSWKNLWNWFDITNWLWYIKIFIMIVGGLIGLRIIFAVLSIVNRVRQGYSPLSFQTLTPNPRGLDRLGRIEEEGGEQDRDRSIRLVNGFLALAWDDLRSLCLFIYHQLRDFILLTARAVELLGRSSLRGLQRGWEALKYLGNLVQYWGLELKKSAISLLDTIAITVAEGTDRIIEVVQRICRAIRNIPRRIRQGFEAALL,C,1,50.0,1,397,3
7,DRVI01_0912_7,MRVMGIRKNYQHFWRWGTMLLGMLMISSAAENLWVTVYYGVPVWKEANTTLFCASDAKAYDTEAHNVWATHACVPTDPNPQEVDLKNVTENFNMWKNNMVEQMHEDIISLWDQSLKPCVKLTPLCVILNCTNYNNTNYSNTSSNANSTTEGGEMKNCSFNVTTSINTKVKSNALFYNLDLVQIDNDNDNTSYRLIKCNTSVITQACPKISFEPIPIHYCAPAGFGIIKCKDKMFNGTGPCKNVSTVQCTHGIRPVVSTQLLLNGSLAEEEVVIRSSNFSKNEKIIIVQLNESVEINCTRPNNNTRKSIHLGQGRSWYATGEIIGNIRQAHCNISRAKWNNTLRLIVEKLREQFVNKTIIFNRSSGGDPEIVMHNFNCGGEFFYCNTTQLFNSTWNDTGTWNETSTENGTITLPCRIKQIVNMWQEVGKAMYAPPISGPIRCSSNITGLLLTRDGGNETNTTIETFRPGGGDMKDNWRSELYKYKVIKIEPLGVAPTKAKRRVVQREKRVALGAVFFGFLGAAGSTMGAASITLTVQARQLLSGIVQQQRNLLMAIEAQQHLLQLTVWGIKQLQARVLAVERYLKDQQLLGIWGCSGKLICTTAVPWNASWSNKSQGEIWDNMTWMEWEREIENYTSTIYTLLEKSQNQQEKNELELLELDKWASLWNWFDITKWLWYIKIFIMIVGGLVGLRIIFAVLSIVNRVRQGYSPLSLQTRFPAQRGPDRPEGIEEEGGERDRDRSERLVNGFLTLFWEDLRNLCLFSYHLLRDFLLIVARIVELLGRRGWEALKYWWNLLQYWIQELKNSAISLFNATAIAVAEGTDRVIEVAQRAFRAILNIPTRIRQGLERALL,B,0,1.9,0,397,0
8,235_47,MRVMGIQKNYPLLWRWGVIIFWIMIICNAERLWVTVYYGVPVWKDAVTTLFCASDAKAYDTEVHNVWATHACVPTDPNPQEKQLENVTEDFNMWKNDMVDQMHADIISLWDQSLKPCVQLTPLCVTLHCRNTNASSNTSGDMQGEEMKNCSFNVTAELRDKRKNEYALFYRQDVVQINETDNSTYRLINCNTSTLTQACPKVTFEPIPIHYCAPAGYAILKCNEKGYKGIGKCRNVSTVQCTHGIKPVVSTQLLLNGSLAEGEVVIRTENITNNAGTIIVQLNETVKINCSRPNNNTRRSVRIGPGQTFYATDIIGDIRQAHCNVSSTKWNRTLHQVATQLKKHFNTTTITFAEPSGGDLEIITHSFNCGGEFFYCNTSRLFNSTWGSNNTWDNSTEQNITLRCKIKQIINMWQRVGQAMYAPPIRGEIRCESNITGLLLTRDGGGNSSSANETFRPTGGNMKDNWRSELYKYKVVKIEPLGVAPTRAKRRVVGREKRAALGAVFLGFLGAAGSTMGAASITLTVQARQLLSGIVQQQSNLLKAIEAQQHLLKLTVWGIKQLQARVLALERYLKDQQLLGIWGCSGKLICTTNVPWNSSWSNKTYEYIWDNMTWLQWDKEISNYTELIYGLLEESQNQQEKNEQDLLALDKWESLWNWFNITNWLWYIKIFIMIIGGLIGLRIVFAVLNIINRVRQGYSPLSFQILTHHQREPDRPERIEEGGGEQDRDRSVRLVSGFLSLAWDDLRSLCLFSYHRLRDFLLIATRIVELLGHNSLKGLRLGWEALKYLWNLLLYWGQELKNSAINLLNTVAIAVANWTDRVIEIGQRAGRAIRNVPRRIRQGLERSLL,02_AG,0,3.322250654961481,0,397,4
9,191821_E6_1,MRVKGTERNYQHLWRWGTMLLGMLMICSVTGQLWVTVYYGVPVWKEATTTLFCASDAKSYKEEAHNIWATHACVPTDPNPQEIVLENVTENFNMWENNMVEQMHEDIISLWDQSLKPCVKLTPLCVTLNCTEEKNKNLTKVAMTNCTFNITTEIRDRKKQVYALFYKLDVVPINDNNSTNTSYRLINCNTSAITQACPKVSFEPIPIHYCAPAGFAILKCNDKKFNGTGQCKNVSTVQCTHGIRPVVSTQLLLNGSLAEEEIIIRSKNLSDNTKIIIVQLNESVPINCTRPYNNTKNSIHMGPGQALFTTRITGDIRQAYCNVSRTGWNKALQQVEKELETLFNNRTIMFKPSSGGDPEITTHTFNCGGEFFYCNTSQLFNDSKWKNYTGNESVINLPCRIKQIINMWQGVGKAMYAPPIEGLINCSSNITGLLLTRDGGINSNTSSSETFRPGGGDMRDNWRSELYKYKVVRLEPLGLAPTKAKRRVVEREKRAIGLGAVFLGFLGAAGSTMGAASLTLTVQARQLLSGIVQQQNNLLKAIEAQQHLLQLTVWGIKQLQARVLAVESYLKDQQLLGIWGCSGRHICTTTVPWNSSWSNRSLEEIWNNMTWMQWEKEIDNYTELIYSLIEESQTQQEKNEQELLELDKWASLWNWFSITKWLWYIKIFIMIVGGLIGLRIVFAVLSLVNRVRQGYSPLSFQTLLPAPRGPDRPEGIEEEGGEQGRGRSIRLVNGFSALIWDDLRNLCLFSYHRLRDLILIAARILEILGRRGWEALKYLWNLLQYWIQELKNSAISLLNATAIAVAEGTDRVIEIIQRTIRAVLNVPVRIRQGLERALL,D,1,50.0,1,397,4
10,AC10_29,MRVRETRKNYQHLWWKWGMMLLGMLMICSAVEQTWVTVYYGVPVWKEANTTLFCASDAKAYNTEVHNVWATHACVPTDPNPQEVELENVTENFNMWKNNMVDQMHEDIISLWDQSLKPCVKLTPLCVTLSCTDNVGNDTSTNNSRWDKMEKGEIKNCSFNITTNMRDKMQKQYALFYKLDVVPIEEGKNNNSSFTDYRLISCNTSVITQACPKVTFEPIPIHYCAPAGFALLKCKDKKFNGTGPCKNVSTVQCTHGIKPVVSTQLLLNGSLAEEEVVIRSENFSNNARTIIVQLNTSVEIKCIRPNNNTRKGIHIGPGRAFYTTGDIIGDIRQAHCNISRQNWNNTLKQIAEKLREQFGNKTIVFRNSSGGDPEIVMHTFNCAGEFFYCNTAELFNSTWYANGTISIGGGNKTNIILPCRIKQFINMWQEVGKAMYAPPISGQIRCSSNITGLLLTRDGGRGNQTDNQTEIFRPVGGDMKNNWRSELYKYKVVRIEPLGIAPTRAKRRVVQREKRAVGIGALFLGFLGAAGSTMGAASMTLTVQARLLLSGIVQQQNNLLRAIEAQQHLLQLTVWGIKQLQARVLAVERYLRDQQLLGIWGCSGKLICTTAVPWNVSWNNRSVDDIWENMTWMQWDREISNYTSLIYTLIEESQNQQEKNEQELLALDKWANLWNWFNITEWLWYIKIFIMIVGGLVGLRIVFAVLSIVNRVRQGYSPLSFQTHLPAQRGPDRPGGIEEEGGESDRDRSGRLVNGFLAIIWIDLRSLCLFSYHHLRDLLLIVTRIVEILGRRGWEILKYWWNLLQYWIQELKNSAVSLLNAIAIAVGEGKDRIIEAFRSIFRAILHIPTRIRQGLERSLL,B,1,50.0,1,397,1
11,C3347_C11,MRVRETQMNWPNLWKLGTLILGLGIICSASDKLWVTVYYGVPVWRDAKTTLFCASDAKAHEREVHNVWATHACVPTDPNPQEILMKNVTENFNMWTNNMVEQMQEDVISLWDQSLKPCVKLTPLCVTLNCTKANLTSDTTNRTTGNRIDEVGNMTDEVKNCTFNMTTELKDKKQKVHALFYKLDIVPIKGNENSSGEYRLINCNTSVIKQACPKISFDPIPIHYCTPAGYAILKCNDKNFNGTGPCKNVSSVQCTHGIKPVVSTQLLLNGSLAEEEIIIRAENLENNAKTIIVHLNKSVEINCTRPSNNTRTSIPIGPGQVFYRTGDIIGNIRKAYCEINGTKWHKVLKQVAEKLREHFINKTIKFRPPLGGDLEITMHHFNCRGEFFYCNTTKLFNSTYRENETREGNDSTIIIPCKIKQIINMWQGTGQAMYAPPISGNINCVSNITGILLTRDGGNNSADNETFRPGGGNIKDNWRSELYKYKVVEIEPLGIAPTRAKRRVVEREKRAVGIGAMIFGFLGAAGSTMGVASITLTVQARQLLSGIVQQQSNLLRAIEAQQHMLQLTVWGIKQLQARVLAVERYLKDQKFLGLWGCSGKIICTTAVPWNTTWSNKSYDEIWENMTWTEWEREISNYTNQIYEILTKSQDQQDRNEKDLLELDKWASLWSWFDITQWLWYIKIFIMIVGGLIGLRIIFAVLSIVNRVRQGYSPLSFQTPTHHQREPDRPERIEEEGGEQGRNRSVSLVSGFLALAWDDLRSLCLFSYHRLTDFILIAARTVELLGRSSLKGLRLGWEGLKYLGNLLLYWGQELKISAISLLDTTAIAAAGWTDRVIEVAQRAWRAIIHIPRRIRQGLERSLL,01_AE,1,50.0,1,397,4
12,TRJO4551_58,MRVMGIRKNYQHLWRWGTMGMMLLGILMICNATEKLWVTVYYGVPVWKEATTTLFCASDAKAYETEVHNVWATHACVPTDPNPQELVLENVTEYFDMWKNNMVEQMHEDIISLWDQSLKPCVKLTPLCVTLNCTDWTNGTDWNTTNSNNTTISKEETIEGGEMKNCSFNITTATGDKKKERAFFYKLDVAPIDNSNTSYRLISCNTSVITQACPKISFEPIPIHYCAPAGFAILKCNDKKFNGTGSCTNVSTVQCTHGIRPVVSTQLLLNGSLAEEEVVIRSKNFSDNAKIIIVQLNESVPINCTRPHNNTRKSIHIGPGRAWYATGDIIGDIRKAYCNISEAKWNNTLKQITEKLKEQFNKTIIVFNQPSGGDPEVTMHSFNCGGEFFYCNTSKLFNGTWNSTKRANNTEGIIILQCRIKQIINRWQEVGKAMYAPPIEGQIKCSSNITGLLLTRDGGKTANNTTEFFRPGGGNMKDNWRSELYKYKVVRIEPLGVAPTKAKRRVVQREKRAIGIGAVFLGFLGAAGSTMGAASITLTVQARKLLSGIVQQQNNLLRAIEAQQHLLQLTVWGIKQLQARVLAVERYLRDQQLLGIWGCSGKLICTTAVPWNSSWSNKSLDTIWNNMTWMQWEKEIDNYTGLIYTLIEESQIQQEKNELDLLKLDQWASLWNWFDITNWLWYIKIFIMIVGGLVGLRIVFAVLSIVNRVRQGYSPLSFQTHLPNSRGPDRPGGIEEEGGERDNGRSRPLVDGFLAIIWVDLRSLCLFSYHHLRGLLLIAARIVELLGRRGWEALKYWWNLLQYWGQELRNSAVSLLNATAIAVAEGTDRIIEVVQRIGRAILNIPRRIRQGAERALQ,B,1,50.0,1,397,1
13,X1254_C3,MKARGTQTNWQPLWKWGILILGLVIICNASDNLWVTVYYGVPVWEDANTTLFCASDAKAYSTESHNVWATHACVPTDPNPQEIPLENVTENFNMWKNNMVEQMHEDIISLWDESLKPCVKLTPLCVTLTCTNVTNNNNATNSSTVESNREELRNCSFNTTTAIQDKKKQEYALFYKLDIVPITGSGNSSAGNYRLINCNVSTIKQACPKVTFDPIPIHYCAPAGFAILKCRDKKFNGTGPCKNVSTVQCTHGIKPVISTQLLLNGSLAEEEIIIRSENITDNTKNIIVQLKEAINIICTRPSNNTRKSISLGPGQAFFATGDIIGDIRQAHCNISGTDWNNMIQNVSEKLKGIFNKSSITFNPPSGGDLEIITHSFNCRGEFFYCNTSKLFNSSLFNSSTNSNNETITIPCKIKQIVRMWQRVGQAMYAPPIAGNITCSSNITGLILVRDGGTNNNTNETVRPAGGDMRDNWRSELYKYKIVKIKPLGIAPTRARRRVVEREKRAVGLGAFLLGFLGTAGSTMGAASLTLTVQVRQLLSGIVQQQSNLLRAIEAQQHLLQLTVWGIKQLQARVLAVERYLKDQQLLGIWGCSGRLICTTNVPWNASWSNKSYNDIWDNLTWVQWGREISNYTQQIYNLLEESQNQQEKNEQDLLALDKWASLWTWFDISNWLWYIRIFIMIVGGLIGLRIVFAVLSIINRVRKGYSPLSFQTLTHHQREPDRPGGIEEEGGGKDKDKSIRLVSGFFALAWDDPRSLCLFSYHRLRDLLLIVTRTVELLGHRGWEILKYLGNLLLYWGQELKNSAISLFDTVAIAVANWTDSAIEVLQRAFRAILHIPTRIRQGLERALL,G,0,1.971193932732342,0,397,4
14,1012_11_TC21_3257,MRVKGIRKNYQHLWRWGTMLLGILMICSAAAQLWVTVYYGVPVWKEATTTLFCASDAKAYDTEVHNVWATHACVPTDPNPQELVLANVTENFNMWNNTMVEQMHEDIISLWDQSLKPCVKLTPLCVTLNCTDVTNATNINATNINNSSGGVESGEIKNCSFNITTSVRDKVQKEYALFYKLDIVPITNESSKYRLISCNTSVLTQACPKVSFEPIPIHYCAPAGFAILKCNNETFNGKGPCINVSTVQCTHGIRPVVSTQLLLNGSLAEKEVIIRSDNFSDNAKNIIVQLKEYVKINCTRPNNNTRKSIHIGPGRAFYATGEIIGNIRQAHCNISRSKWNDTLKQIAAKLGEQFRNKTIVFNPSSGGDLEIVTHSFNCGGEFFYCNTTKLFNSTWIREGNNGTWNGTIGLNDTAGNDTIILPCKIKQIINMWQEVGKAMYAPPIRGQIRCSSNITGLILTRDGGKDDSNGSEILEIFRPGGGDMRDNWRSELYKYKVVRIEPLGVAPTRARRRVVQKEKRAVGLGAMFLGFLGAAGSAMGAASMTLTVQARQLLSGIVQQQNNLLRAIEAQQHMLQLTVWGIKQLQARVLAVERYLKDQQLLGIWGCSGKLICTTDVPWDTSWSNKTLDDIWGSNMTWMEWEREIDNYTSTIYTLLEEAQYQQEKNEKELLELDKWASLWNWFDITNWLWYIRIFIMIVGGLVGLRIVFAVLSIVNRIRQGYSPLSFQTHHPAPRGPDRPEGIEEEGGERDRDRSGRLVNGFLALIWVDLRSLCLFSYHRLRDLLLIVTRIVELLGRRGWEVLKYWWNLLQYWSQELKNSAVSLLNVTAIAVAEGTDRIIEVAQRIGRAILHIPTRIRQGLERALL,B,0,34.894000000000005,0,397,0
15,16845_2_22,MRVRGMLRNYQQWWIWGVLGFWMLMNCNVGGNLWVTVYYGVPVWREAKTTLFCASDAKAYEKEVHNVWATHACVPTDPNPQEIDLNVTENFNMWKNDMVEQMHEDVISLWDQSLKPCVKLTPICVTLECTDANITCNSTTSSNNCTSYEINKEDMGEIKNCSFNTTTELIDKQKKVHALFYRLDIVSLEKDNSSKKNDSNEYYRLINCNTSAITQACPKVTFDPIPIHYCAPAGYAILKCKNKTFNGTGPCNNVSTVQCTHGIKPVVSTQLLLNGSLAEEEIIIRSENLTNNAKIIIVHLNQAVEIVCTRPGNNTRKSIRIGPGQTFYATGDIIGDIRQAHCNISEAKWNKTLREVSKKLAEHFPNKTIIFNSSSGGDLEITTHSFNCGGEFFYCNTSSLFNSTFNSTYMTNDTDMNSNSTISIPCRIKQIINMWQEVGRAMYAPPIAGNITCKSNITGLLLVRDGGNSNDTNEPEIFRPQGGDMRDNWRSELYKYKVVEIKPLGVAPTAAKRRVVGREKRAVGLGAMILGFLGAAGSTMGAASITLTVQARQLLSGIVQQQSNLLRAIEAQQHMLQLTVWGIKQLQTRVLAIERYLKDQQLLGIWGCSGKLICTTAVPWNSSWSNKSQDQIWNDTTWMQWDKEISNYTDIIYTLLEKSQNQQEINEKDLLALDSWNSLWNWFDITKWLWHIKIFIMIVGGLIGLRIIFAVLSIVNRVRQGYSPLSFQTLTPNPGGPDRLGGIEEEGGEQDKSRSIRLVNGFLALAWDDLRNLCLFSYHRLRDFISVTARVVELLGRSSLRGLQKGWEALKYLGSLVQYWGLELKKSAISLFDTIAIAVAEGTDRLIEFIQRTGRAICNIPRRIRQGFEAALQ,C,0,6.527423110613511,0,397,2
16,Q259_17,VRVKGIQMNSQNSLRWGITILGMIIICSAAENLWVTVYYGVPVWKDAETTLFCASNAKAYGTEVHNIWATHACVPTDPNPQEINLENVTEEFNMWKNNMVEQMHTDIISLWDQGLKPCVKLTPLCVTLDCYNVTKSDKITKDMQEEIKNCSFNITTELRDKKQKVHSLFYRLDVVPMGGKNDSQYRLINCNTSAITQACPKVTFEPIPIHYCAPAGFAILKCNDKEFSGTGPCKNVSSVQCTHGIRPVVSTQLLLNGSLAEEKVRIRSEDITNNGKNIIVQLKTPVNISCTRPNNNTRKSVRIGPGQAFYATDDIIGNIRQAYCTVNRTQWDYTLQEVANQLRIYFNKTIIFNNSAGGDLEITTHSFNCGGEFFYCDTSGLFNSTWTWNDTVSWQGSDNITLQCRIKQIINMWQRAGQAIYAPPIQGVIRCDSNITGLILTRDGGNNSSPNEIFRPGGGDMRDNWRSELYKYKVVKIEPLGVAPTRAKRRVVEREKRAVGIGAVFIGFLGAAGSTMGAASITLTAQARKLLSGIVQQQSNLLRAIEAQQHLLKLTVWGIKQLQARVLAVERYLKDQQLLGIWGCSGKLICTTNVPWNSSWSNKSQSEIWENMTWLQWDKEINNYTQLIYSLIEKSQTQQEINEQDLLALDKWANLWNWFDISNWLWYIRIFIMIVGGLIGLRIVFAVLSIINRVRQGYSPLSFQTHTPSPRELDRPGRIEEEGGEPDRGRSIRLVSGFLALAWDDLRSLCLFSYHRLRDFISIAARTVELLGHSSLKGLRLGWEGLKYLGNLLVYWGRELRLSAINLLDTIAIATADWTDRVIELGQRLCRAILHIPRRIRQGFERALL,A1,1,50.0,1,397,4
17,CAP88_6M_C10,MRVRGIPRNWPQWWIWGILGFWIIIINKVVGNLWVTVYYGVPVWKEAKTTLFCASDAKGHEREVHNVWATYACVPTDPNPQELVLGNVTENFNMWKNDMVDQMHEDIISLWDQSLKPCVKLTPLCVTLNCTNVTVVNATHTNKSMNEEIDMKEEMKNCSFKTTTGIRGKKQTEYALFYRPDIVPLSKESSEYILISCNTSTITQACPKVSFDPIPIHYCAPAGYAILKCNNKTFNGTGPCHNVSTVQCTHGIKPVVSTQLLLNGSLAEKEIIIRSENLTDNTKTIIVHLNESINIVCIRPSNNTRKSIRIGPGQAFYATNAITGDIRQAHCNITKDRWNATLEKVKKKLKEHFPNKTKIKFAPSSGGDLEVTTHSFNCGGEFFYCNTSKLFNENETETNTTITLPCRIKQIINMWQEVGRAMYAPPIAGNITCNSSITGLLLLRDGGNENITNGTEIFRPGGGNMKDNWRSELYKYKVVEIRPLGVAPTEAKRRVVEREKRAAGIGAVLLGFLGAAGSTMGAASITLTVQARQLLSGIVQQQNNLLRAIEAQQHMLQLTVWGIKQLQTRVLAVERYLKDQQLLGLWGCSGKLICTTNVPWNSSWSNKSQAEIWENMTWMQWDREINNYTHTIYRLLEDSQNQQEKNEKDLLALNSWNNLWNWFNITQWLWYIKIFIIIVGGLIGLRIIFAVLSIVKRVRQGYSPLSFQTLTPSPREPDRLGRIEEEGGEQDRDRSVRLVSGFLALFWEDIRSLCLFSYHLLRDFILVTARAVELLGRSSLRGLQRGWEALKYLGSLVQYWGLELKKSAINLLNTLAITVAEGTDRGIEVLQRIGRAIYNIPRRIRTGLEAALL,C,1,50.0,1,397,3
18,CE0393_C3,MRVRGILRNYQQWWIWGILGFWMLMICSVGGNLWVTVYYGVPVWREAKTTLFCASDAKAYEREVHNVWATHACVPTDPNPQELFLENVTENFNMWKNDMVDQMHEDIISLWDQSLKPCVKLTPLCVTLNCSNANITRNSTDGNTTRNSTATPSDTINGEIKNCSFNITTELKDKKKKEYALFYRLDIVPLNEENSNFNEYRLINCNTSAVTQACPKVSFDPIPIHYCAPAGYAILKCNNKTFNGTGPCNNVSTVQCTHGIKPVVSTQLLLNGSLAEEEIIIRSENLTNNAKTIIVHLKEPVEIVCTRPNNNTRKSMRIGPGQTFYATDIIGDIRQASCNIDEKTWNNTLNKVGEKLQEHFPNKTLNFAPSSGGDLEITTHSFNCRGEFFYCNTSKLFYKTEFNSTTNSTITLQCRIKQIINMWQGVGRAMYAPPIEGNITCKSNITGLLLTRDGGTNDSMTETFRPGGGDMRDNWRSELYKYKVVEIKPLGVAPTEAKRRVVEREKRALTLGALFLGFLGTAGSTMGAASITLTVQARQLLSGIVQQQSNLLKAIEAQQHLLQLTVWGIKQLQTRVLAIERYLQDQQLLGLWGCSGKLICTTAVPWNSSWSNKSQGEIWGNMTWMQWDREISNYTNTIYRLLEDSQIQQEKNEKDLLALDSWKNLWSWFSITNWLWYIKIFIMIVGGLIGLRIIFAVLSIVNRVRQGYSPLPFQTLIPNPRGPDRLGRIEEEGGEQDRDRSIRLVNGFLAIAWDDLRSLCLFSYHRLRDFILIAARAAELLGRSSLRGLQRGWEALKYLGSLVQYWGLELKKSAISLLDTVAITVAEGTDRIIEVVQRICRAICNIPRRIRQGFEAALQ,C,1,50.0,1,397,3
19,KER2018_11,MRVMGIQRNCQHLLRWGTMILGMIIICSTAEDLWVTVYYGVPVWKNAETTLFCASDAKAYKTEVHNVWATHACVPTDPNPQEIHLENVTEEFNVWKNNMVEQMHTDIISLWDQSLKPCVKLTPLCVTLNCINANVTNSSMTNSSMMEGEIKNCSYNMTTELRDKKRKVFSLFYKLDVVPMNENNSEYRLINCNTSAITQACPKVTFEPIPIHYCAPAGFAILKCKDEEFNGTGLCKNVSTVQCTHGIKPVVSTQLLLNGSLAEKEIRIKSENISDNAKTIIVQLTKPVLINCARPSNNTRKSVHIGPGQAFYATGAITGDIRQAYCVVNRTQWNDTLGQVAIQLRKHWNTTIIFNEPSGGDLEITTHSFNCGGEFFYCNTSDLFNSTWNIEGTASINGTESNDNITLPCRIKQIINMWQRVGQAMYAPPIQGVIRCQSNITGILLTRDGGNTGNNSRTNETFRPGGGDMRDNWRSELYKYKVVKIEPLGVAPTKAKRRVVEREKRAVGLGAVFIGFLGAAGSTMGAASITLTVQARQLLSGIVQQQSNLLRAIEAQQHLLKLTVWGIKQLQARVLAVERYLKDQQLLGIWGCSGKLICTTNVPWNSSWSNKSYNEIWENMTWLQWDKEINNYTELIYSLIEESQNQQEKNEQDLLALDKWASLWNWFDISNWLWYIKIFIMIVGGLIGLRIVVAVLSVINRVRQGYSPLSFQTHTPNPRGLDRPERIEEEGGEQDRTRSTRLVSGFLALAWDDLRSLSLFLYHRLRDFILIAARTVELLGHSSLKGLRLGWEGLKYLWNLLLYWGRELKISAINLLNTIAIAVAGWTDRVIEIGQGIGRAILHIPRRIRQGFERALL,A1,1,50.0,1,397,4
22,DRVI01_0912_2,MRVMGIRKNYPHFWRWGIMLLGMLMICSAAEKLWVTVYYGVPVWKDANTTLFCASDAKAYDTEAHNVWATHACVPTDPNPQEMVLENVTEHFNMWKNNMVEQMHEDIISLWDQSLKPCVRLTPLCVTLNCTDYNNTSNNTSSNTSNTIEEGEMKNCSFNITTSIKTKVKDYAIFYNLDIVQINNDNDNNSYRLISCNTSVITQACPKISFEPIPIHYCAPAGFAIIQCNNKRFNGTGPCTNVSTVQCTHGIRPVVSTQLLLNGSLAEEEVVIRSSNFSENTKIIIVQLNKSVEINCTRPNNNTRKSIHLGQGRAWYATGEIIGDIRQAHCNISRAKWNNTLRLIVEKLREQFVNKTIIFNRSAGGDPEIVMHNFNCGGEFFYCNTTQLFNSTWNWNETSTWNETSAENGTITLPCRIKQIVNMWQEVGKAMYAPPISGPIRCLSNITGLLLTRDGGNETNTTETFRPGGGDMRDNWRSELYKYKVIKIEPLGVAPTKAKRRVVQREKRAVGAIGAMFLGFLGAAGSTMGAASITLTVQARQLLSGIVQQQRNLLRAIEAQQHLLQLTVWGIKQLQARVLAVERYLKDQQLLGIWGCSGKLICTTDVPWQAVWSNRSLSEIWDNMTWMEWEREIENYTSTIYTLLVESQNQQEKNELELLKLDEWASLWNWFDITKWLWYIKIFIMIVGGLIGLRIIFAVLSIVNRVRQGYSPLSLQTRFPAQRGPDRPEGIEEEGGERDRGRSERLVNGFLTLIWEDLRNLCLFSYHLLRDFLLIVARIVELLGRRGWEALRYWWNLLQYWIQELKNSAISLFNATAIAVAEGTDRVIEVAQRAFRAILNIPTRIRQGLERALL,B,0,0.37,0,397,0
23,CNE52,MRVRGTLRNYQQWWIWGVLGFWMLIMCNVKGNLWVTVYYGVPVWRDAKATLFCASDAKTYETEVHNVWATHACVPTDPNPQEIFMENVTENFNMWKNDMVDQMHEDVISLWDQSLKPCVKLTPLCVTLECTNANVSINGTYNMYNESMSGVKNCSFNTTTVLADRKQKEHALFYRLDLVPLNDDKNSSKNSTKYILIHCNTSAITQACPKVTFDPIPIHYCTPAGYALLKCNNKTFNGTGQCQNVSTVQCTHGIKPVVSTQLLLNGSLAEKDIVIRSENLTNNAKTIIIHLNQSIEINCTRPNNNTRKRIGIGPGRTLYATRAIIGDIRQAHCNISKEKWNEALQNVSKELAKHFPNKTITFNSSSGGDLEVTTHSFNCRGEFFYCNTSGLFNSTYNGTYRGTGDNSSSIITIPCRIRQIINMWQKVGRAMYAPPIEGNIACNSSITGLLLVRDGGSPNNPEIPNNTEIFRPGGGDMKDNWRNELYKYKVVEIQPLGVAPTEAKRRVVQREKRAVGIGAVFLGFLGAAGSIMGAASITLTVQARQLLSGIVQQQSNLLRAIEAQQHMLQLTVWGIKQLQTRVLAIERYLKDQQLLGIWGCSGKLICTTTVPWNSSWSNKSLGEIWDNLTWMQWDREISNYTDTIYRLLEESQNQQEINEKDLLALDSWKNLWSWFDISNWLWYIKIFIMIVGGLIGLRIIFAVLSIVNGVRQGYSPLSFQTLTPNPGGPDRLGRIEEEGGEQDKERSIRLVSGFLALAWDDLRNLCLFSYHRLRDFILLTARGVELLGRSSLRGLQKGWEAIKYLGSLVQYWGSELKKSVISLFDAFAITVAEGTDRIINIVQGICRAIRNIPRRIRQGFEAALQ,08_BC,0,43.687,0,397,4
25,92RW024,MRVMGIQRNCQQWWIWGILGFWMLMICNVVGKNLWVTVYYGVPVWRDAETTLFCASDAKAYKTEVHNVWATHACVPTDPNPREIPLENVTEEFNMWKNNMVEQMHEDIISLWDQSLKPCVKLTPLCVTLNCSHKVTVKNNTTANNSVTANITDDREDLKNCSFNTTTEIRDKKQKVYSLFYKLDVVPIGDNNSSNEYRLINCNTSAITQACPKVTFEPIPIHYCAPAGFAILKCRDEKFNGTGPCKNVSTVQCTHGIKPVASTQLLLNGSLAKEEVIIRSENLTNNAKIILVQLRDPVKINCTRPNNNTRTSIRIGPGQTFYATGDIIGDIRRAYCTINRTEWNNTLQQVAKQLGKHFGENKTIIFTKSSGGDLEITTHSFNCGGEFFYCNTSDLFNSRWNVNDTNSTQGADGNETITLQCRIKQIINMWQRVGQAMYAPPIPGIIRCDSNITGLILTRDGGGNSSTNENETFRPGGGDMRDNWRSELYKYKVVKIEPLGVAPTTAKRRVVEREKRAVGLGAVFLGFLGAAGSTMGAASITLTVQARQLLSGIVQQQSNLLMAIEAQQHLLKLTVWGIKQLQARVLAVERYLKDQQLLGIWGCSGKLICTTNVPWNSSWSNKTLDEIWDNMTWLQWDKEISNYTDTIYRLIEASQNQQEKNEQDLLALDKWANLWNWFDISKWLWYIKIFIMIVGGLIGLRIIFAVLSIVNRVRQGYSPLSFQTLIPNPRGPDRPGGIEEEGGEQDRGRSIRLVSGFLALAWDDLRSLCLFSYHRLRDFILIAARIVELLGRRGWEAIKYLWNLLQYWIQELKNSAISLFDTIAIAVAEGTDRIIEFLQRIGRAIYNIPRRIRQGFEAALL,A1CD,1,50.0,1,397,4
26,X1193_C1,MKVRGTQRNWQPLWKWGTLILGLVIMCSASNDLWVTVYYGVPVWEDADTTLFCASDAKAYSTESHNVWATHACVPTDPNPQEIPLKNVTENFNMWKNNMVEQMHEDIISLWDESLKPCVKLTPLCVTLICTNVTSNSTNSTNGVTNNSTVDYREQLKNCSFNITTEIRDKQRKEYALFYRLDIVPINDNEKNDTYRLINCNVSTIKQACPKVTFDPIPIHYCAPAGFAILKCRDKKFNGTGPCKNVSTVQCTHGIKPVISTQLLLNGSLAEGDIMIRSENITDNAKTIIVQLKTAVNITCTRPSNNTRKSIRFGPGQAFYATDEIIGDIRQAHCNISKTEWEDMKRNVSDKLKALFNNKTIIFKSSSGGDLEITTHSFNCRGEFFYCNTSGLFNTSGLFNNNSNDSSGNITLPCKIKQIVRMWQRVGQAMYAPPIAGNITCRSRITGLLLVRDGGKSNETNGTETFRPAGGDMRDNWRSELYKYKVVKIKPLGVAPTRARRRVVGREKRAVGMGAVLLGFLGAAGSTMGAASITLTVQVRQLLSGIVQQQSNLLRAIEAQQHLLQLTVWGIKQLQARVLAVERYLQDQQLLGIWGCSGRLICTTNVPWNASWSNKSYSEIWDNLTWVEWEREISNYTQHIYNLLQESQNQQEKNEQDLLALDKWASLWNWFDITNWLWYIKIFIMIIGGLIGLRIVCTALSIINRVRKGYSPLSFQTLTHHQREPDRPGRIEEEGGEQDKDKSIRLVSGFLALVWDDLRSLCLCSYHHLRDFILIAARTAQLLGRNSLKGLRLGWEGLKYLWNLLLYWGRELKNSAISLLDTIAIAVANWTDSAIEGVQRIGRAILNIPVRIRQGLERALL,G,0,0.0273566493544782,0,397,4
27,16055_2_3,MRVRGILRNYQQWWIWGILGFWVLMICNGNLWVTVYYGVPVWKEAKTTLFCASDAKAYEKEVHNVWATHACVPTDPNPQEMVLENVTENFNMWKNDMVEQMHEDVISLWDQSLKPCVKLTPLCVTLECRQVNTTNATSSVNVTNGEEIKNCSFNATTEIRDKKQKVYALFYRLDIVPLEEERKGNSSKYRLINCNTSAITQACPKVTFDPIPIHYCAPAGYAILKCNNKTFNGTGPCNNVSTVQCTHGIKPVVSTQLLLNGSLAEGEIIIRSENLTNNVKTIIVHLNESVEIVCTRPNNNTRKSIRIGPGQTFYATGDIIGNIRQAYCNIKKDDWIRTLQRVGKKLAEHFPRRIINFTSPAGGDLEITTHSFNCRGEFFYCNTSSLFNSTYNPNDTNSNSSSSNSSLDITIPCRIKQIINMWQEVGRAMYAPPIEGNITCKSNITGLLLVRDGGVESNETEIFRPGGGDMRNNWRSELYKYKVVEIKPLGIAPTAAKRRVVEREKRAVGLGAVIFGFLGAAGSTMGAASITLTVQARQLLSGIVQQQSNLLKAIEAQQHLLQLTVWGIKQLQTRVLAIERYLKDQQLLGIWGCSGKLICTTAVPWNSSWSNKSHDEIWGNMTWMQWDREISNYTNTIYRLLEDSQNQQEQNEKDLLALDSWENLWNWFSITKWLWYIKIFIMIVGGLIGLRIIFAVLSVVNRVRQGYSPLSFQTLIPNPRGPDRPGRIEEEGGEQDRGRSTRLVSGFLALVWDDLRSLCLFSYHRLRDFTLVAARVVELLGRSSLKGLQKGWEALRYLGSLVQYWGLELKKSAISLFDTIAIAVAEGTDRIIELAQGIGRAIINIPRRIRQGFEAALQ,C,1,50.0,1,397,3
28,NAB5PRE_CL_1,MRAKGIKKNYQHWWRGDIWRWGIMLLGMLMICSAKEQLWVTVYYGVPVWKEATTTLFCASDAKAYKTEVHNVWATHACVPTDPNPQEVVMGNVTENFNMWKNNMVEQMHEDVISLWDESLKPCVKLTPLCVTLNCTDWKNNNNTNTTSSSLGSMEGEIKNCSFNISTHIKDKIQKEYALFNKLDVVPVDNDNTSYMLVNCNTSVITQACPKVSFEPIPIHYCAPAGFAIIKCNDKKFNGTGPCTNVSTVQCTHGIKPVVSTQLLLNGSLAEEEVIIRSENFTNNAKTIIVQLNETVEINCTRPSNNTRRSITIGPGRAFYATGDIIGDIRKAHCNVSRAKWENTLKKIATKLTEQFNASRIIFNQSSGGDPEIVMHSFNCGGEFFYCNTTQLFNSTWVNGTRNSTETNSTDITLPCRLKQIINRWQEVGKAMYAPPIRGQISCNSSITGLLLTRDGGGNGTENRNETFRPGGGDMRDNWRSELYKYKVVKIEPLGIAPTKARRRVVQREKRAALGAMFLGFLGAAGSTMGAASVTLTVQARLLLSGIVQQQNNLLRAIEAQQHMLQLTVWGIKQLQARVLAVERYLRDQQLLGIWGCSGKLICTTNVPWNSSWSNKSQNEIWNNMTWMQWEREIDNYTSTIYNLLEKSQNQQEKNEQELLELDKWASLWNWFDITNWLWYIKIFIMIVGGLIGLRIVFTVLSIVNRVRQGYSPLSFQTRFPAPRGPDRPEETEEGGGERDREGSTRLVTGFLPLIWDDLRSLCLFLYHRLRDLLLIVTRIVELLGRRGWEALKYLWNLLQYSQELRNSAISLLNATAIAVAEGTDRVIEVVQRTGRAILNIPTRIRQGFERA,B,0,0.777,0,397,0
29,WEAU_D15_410,MRVKGIRKNYQHLWKWGIMLLGILMICSAAENLWVTVYYGVPVWKEATTTLFCASDAKAYDTEVHNVWATHACVPTDPNPQEVVLENVTENFNMWKNNMVEQMHEDIISLWDQSLKPCVKLTPLCVTLNCTNVNVTNLKNETNTNSSSGGEKMEEGEMKNCSFNVTTLIRNKRKTEYALFYKLDVMPIDHDNTSYTLINCNSSTITQACPKVSFEPIPIHYCAPAGFAILKCNDKKFNGKGPCKNVSTVQCTHGIRPVVSTQLLLNGSLAEEDIVIRSENFTDNAKNIIVQLNVSIEINCTRPNNNTRKKITLGPGRVLYTTGEIIGDIRRAHCNLSRTSWNNTLKQIVEKLREIKQFKNKTIVFKQSSGGDPEIVMHSFNCGGEFFYCNSTQLFNSTWHANGTWKNTEGADNNITLPCRIKQIINRWQEVGKAMYAPPIEGQIRCLSNITGLLLTRDGGSSEENQTEIFRPGGGNMKDNWRSELYKYKVVKIEPLGVAPTKAKRRVVQREKRAVGMLGAMFLGFLGAAGSTMGAASMTLTVQARLLLSGIVQQQNNLLRAIEAQQHLLQLTVWGIKQLQARVLAVERYLKDQQLLGIWGCSGKLICTTTVPWNASWSNRSQDYIWNNMTWMEWEREINNYTGLIYNLIEESQNQQEKNEQELLELDKWASLWTWFDISNWLWYIKIFIMIVGGLIGLRIVFTVLSIVNRVRQGYSPLSFQTHLPAPRGPDRPEGIEEEGGERDRDRSGRLVDGFLTLIWVDLRSLCLFLYHRLIDLLLIAKRIVELLGRRGWEALKYCWNLLQYWSQELKNSAVSLLNATAIAVAEGTDRVIEIVQRTCRAILHIPRRIRQGLERALL,B,0,0.2369999999999999,0,397,0
30,NL43,MRVKEKYQHLWRWGWKWGTMLLGILMICSATEKLWVTVYYGVPVWKEATTTLFCASDAKAYDTEVHNVWATHACVPTDPNPQEVVLVNVTENFNMWKNDMVEQMHEDIISLWDQSLKPCVKLTPLCVSLKCTDLKNDTNTNSSSGRMIMEKGEIKNCSFNISTSIRDKVQKEYAFFYKLDIVPIDNTSYRLISCNTSVITQACPKVSFEPIPIHYCAPAGFAILKCNNKTFNGTGPCTNVSTVQCTHGIRPVVSTQLLLNGSLAEEDVVIRSANFTDNAKTIIVQLNTSVEINCTRPNNNTRKSIRIQRGPGRAFVTIGKIGNMRQAHCNISRAKWNATLKQIASKLREQFGNNKTIIFKQSSGGDPEIVTHSFNCGGEFFYCNSTQLFNSTWFNSTWSTEGSNNTEGSDTITLPCRIKQFINMWQEVGKAMYAPPISGQIRCSSNITGLLLTRDGGNNNNGSEIFRPGGGDMRDNWRSELYKYKVVKIEPLGVAPTKAKRRVVQREKRAVGIGALFLGFLGAAGSTMGAASMTLTVQARQLLSDIVQQQNNLLRAIEAQQHLLQLTVWGIKQLQARILAVERYLKDQQLLGIWGCSGKLICTTAVPWNASWSNKSLEQIWNNMTWMEWDREINNYTSLIHSLIEESQNQQEKNEQELLELDKWASLWNWFNITNWLWYIKLFIMIVGGLVGLRIVFAVLSIVNRVRQGYSPLSFQTHLPIPRGPDRPEGIEEEGGERDRDRSIRLVNGSLALIWDDLRSLCLFSYHRLRDLLLIVTRIVELLGRRGWEALKYWWNLLQYWSQELKNSAVNLLNATAIAVAEGTDRVIEVLQAAYRAIRHIPRRIRQGLERILL,B,0,7.377083171026113,0,397,0
31,92UG031,MRVRGIQRNWQHLLRWGIMILGMIIICSARTDKLWVTVYYGVPVWKEAETTLFCASDAKAYKTEMHNVWATHACVPTDPSPQEMHLKNVTERFNMWKNNMVEQMHTDIISLWDQSLKPCVKLTPLCVTLNCTTVDNTTNVNISKDMIGEIKNCSYNMTTELRDKKQKIYSLFYRLDVVPINESNSSDNFSEYRLINCNTSAITQACPKVTFEPIPIHYCAPAGFAILRCNEDDFNGTGLCKNVSTVQCTHGIKPVVSTQLLLNGSLAEKGVRIRSENISNNAKTIIVQLHTPVNISCIRPNNNTRKSVRIGPGQAFYATGDIIGNIRQAHCTVKRSEWNKTLTQVVKELRKYWNKTIIFTNSSGGDLEITTHSFNCGGEFFYCNTSGLFNSIWWENGTNNMPNSTETNGTITLPCKIKQIINMWQRVEQAMYAPPIQGIIRCDSNITGLLLTRDGGGDANSTNGNETFRPGGGNMRDNWRSELYKYKVVKIEPLGVAPTRAKRRVVEREKRAIGMGAVFIGFLGAAGSTMGAASITLTVQARQLLSGIVQQQSNLLRAIEAQQHLLRLTVWGIKQLQARVLALERYLRDQQLLGIWGCSGKLICTTNVPWNSSWSNKSYSEIWDNMTWLQWDKEINNYTELIYSLIEDSQNQQEKNEQDLLALDKWANLWNWFDISNWLWYIKIFIMIVGGLIGLRIIFAVLSIINRVRQGYSPLSFQTHTPNPRGLDRPGRIEEEGGEQGRDRSIRLVSGFLALAWDDLRSLCLFSYHRLRDFILIAARTVELLGHNSLKGLRLGWEGLKYLGNLLLYWGRELKTSAINLFDTIAIAVAGWTDRVIEIGQRIGRAIINIPRRIRQGFERALL,A1,1,50.0,1,397,4
32,928_28,MRVMGIQKNYPLLWRGGMTIFWLMMICNAEKLWVTVYYGVPVWRDAETTLFCASDAKAYDKEAHNVWTTHACVPTDPDPQELPLVNVTEEFNMWKNNMVEQMHEDIISLWDQSLKPCVQLTPLCVTLECADAQNVTDTNTTISNEMQGEIKNCSFNMTTELRDKKKKVYALFYRPDVIEINKTKINNSNSSQYMLINCNTSAITQACPKVSFEPIPIHYCAPAGFAILKCNDTEFSGKGTCKSVSTVQCTHGIKPVVSTQLLLNGSLAEGKIAIRSENISNNAKTIIVQLTEPVEINCIRPGNNTRKSVRIGPGQTFYATGDIIGDIRQAHCNVSKIAWEETLQKIAAQLRKHFQNATIKFTKHSGGDLEITTHSFNCGGEFFYCNTTKLFNSTWNNDNYNVSANLTEENRKENITLHCRIKQIVNMWQRVGQAIYAPPIPGNITCGSNITGLLLTRDGGNNGTNDTETFRPGGGDMRDNWRSELYKYKVVKIEPLGVAPTPAKRRVVEREKRAVGMGALIFGFLGAAGSTMGAASMALTVQARQLLSGIVQQQSNLLKAIEAQQHLLRLTVWGIKQLQARVLALERYLKDQQLLGIWGCSGKLICTTAVPWNSSWSNKSYNDIWDNMTWLQWDKEINNYTYIIYNLLEKSQNQQEINEQDLLALDKWASLWNWFDITSWLWYIRLGIMIVGGVIGLRIIFAVLTIVNRVRQGYSPLSFQTLAHHQREPDRPERIEEGGGEQDRERSVRLVSGFLALAWEDLRSLCLFSYRRLRDLVLIAARTVELLGHSSLKGLRLGWEALKYLWNLLSYWGQELKNSAINLLDTIAIAVANWTDRVIKIVQRTGRAILNIPTRIRQGFERALL,02_AG,1,50.0,1,397,4
34,3103_V3_C10,MRVKGILRNYQQWWIWGILGFWMLMNCNGNTWVTVYYGVPVWKEAKTTLFCASDAKAYDKEVHNVWATHACVPTDPNPQEIVLENVTENFNMWKNDMVDQMHEDIISLWDESLKPCVKLTPLCVTLNCTNVNSTTNNTENSNINNNSEMKNCSFNITTEIRDKQKNVNALFYKLDIVSLKNDNNSYRLISCNTSTTTQACPKVTFDPIPINYCAPAGYAILKCNNKTFNGTGPCNNVSTVQCTHGIRPVVSTQLLLNGSLAEEEIIIRSENLTDNVKTIIVHLNESVNIVCTRPSNNTRKSVRIGPGQTFYATGEIIGDIRQAHCNISEAKWNKTLQRVSEKLQKHFPNKTIKFEPSSGGDLEVTTHSFNCRGEFFYCNTSRLFNGTYNDTGTTKNSNSTITLQCRIKQIVNMWQGVGRAMYAPPIAGNITCNSSITGLILTRDGGKNGTCDNNKTCETFRPGGGNMRDNWRSELYKYKVVEIKPLGIAPTKAKRRVVEREKRAVGIGAVLLGFLGAAGSTMGAASITLTVQARQLLSGIVQQQSNLLRAIEAQQQLLKLTVWGIKQLQARVLAVERYLKDQQLLGLWGCSGKLICTTNVPWNNSWSNKSQEEIWGNMTWIQWEKEIDNYTQEIYNLLEKSQNQQEMNEQELLALDKWANLWTWFDISNWLWYIKIFIMIVGGLIGLRIVFTVLSLVNKVRQGYSPLSFQTLLRSPRGPDRPEGIEEEGGEQGRDRSIRLVSGFLALAWDDLRNLCLFSYHHLRDLILIATRIVTLLGQRGWEALKYLWNLLQYWTQELKNSAISLFNTTAIAVAEGTDRVIEIGQRFCRAILNIPRRIRQGFERALL,A1CD,0,2.002,0,397,4
36,191955_A11,MRARGTQKNCQDLWWIWGTMILGMLIICSAAGNLWVTVYYGVPVWKDAETTLFCASDAKAYSTEKHNIWATHACVPTDPNPQEIDLENVTEKFNMWKNGMVEQMHTDIISIWDQSLQPCVKLTPLCVTLICIDIANDTSRNVTVEMKREIQNCSYNVTTEVRDKKQKVYSLFYKVDIVQISNNSSEYRLINCNTSVIKQACPKVTFEPIPIHYCAPAGYAILKCKDDKFNGTGLCKNVSTVQCTHGIKPVVSTQLLLNGSLAEEEVIIRSENINNNAKTIIVQLYQPVKINCTRPGNNTRKSVHIGTGQAYFATGDIIGDIRQAYCKVNKSEWNNTLQQVVAQLRKHWNKTIIFNSSSGGDLEITTHRFNCGGEFFYCNTSSLFNSTWWSNNSNNTDSEESNSMGLNDTITLQCRIKQIINMWQRVGQAMYAPPIQGVIRCESNITGILLTRDGGDNNNESETFRPVGGDMRDNWRSELYKYKVVKIEPLGVAPTEARRRVVGRGKRAVVGMGAMFLGFLGAAGSTMGAASITLTVQARQLLSGIVQQQSNLLRAIEAQQHLLKLTVWGIKQLQARILAVENYLKDQQLLGIWGCSGRLICTTNVKWNSTWSNKSKSEIWDKMTWLEWDREISNYTDIIYQLIEESQNQQEKNEQDLLALDKWANLWNWFDISNWLWYIKIFIMIVGGLIGLRIVFAVLSVINRVRQGYSPLSFQTHTPSPRDLDRPGRIEEEGGEQGRDRSIRLVSGFLALAWDDLRSLCIFSYHRLRDLLLIAARTVELLGQSSLKGLRLGREKLKYLGNLLLYWGRELRISIINLYDTIAIAVAGWTDRIIEIGQRIGRAILNIPRRIRQGFERALL,A1,1,50.0,1,397,4
40,R1166_C1,MRAKETQMNWPNLWKWGTLILGLVIICSASNNLWVTVYYGVPVWRDADTTLFCASDAKAHETEVHNVWATHACVPTDPNPQEIHLANVTENFNMWKNNMAEQMQEDVISLWDQSLKPCVKLTPLCVTLNCTKANFTKANSTNTSTNVSSTTGNITEEVRIENRTEEVRNCSFNMTTELRDKQQKVYALFYKLDLAQIGDKNSSNYRLINCNTSVIKQACPKISFDPIPIHYCTPAGYAILKCNDKNFNGTGPCKNVSSVQCTHGIKPVVSTQLLLNGSLAEEEIIIRSENLTNNAKTIIVHLNKSVEIKCTRPFNNTRTSVTIGPGQVFYKTGDIIGDIRRAYCEINRTEWNTTLKQVTKKLEKEFKNKTIIFQPPSGGDLEITMHHFNCRGEFFYCNTSHLFNSTWWMGNETREGCNSTNCTIILPCKIKQIINLWQKVGQAMYAPPIRGNISCVSNITGILLTRDGGVNNSTNETFRPGGGNIKDNWRNELYKYKVVQIEPLGIAPTRAKRRVVEREKRAVGIGAMIFGFLGAAGSTMGAASITLTVQARQLLSGIVQQQSNLLRAIEAQQHLLQLTVWGIKQLQARVLAVERYLKDQTFLGLWGCSGKIICTTAVPWNSTWSNKSYEEIWENMTWIEWEREISNYTNQIYGILTESQNQQDRNEKDLLELDKWASLWNWFDITKWLWYIKIFIMIVGGLIGLRIIFAVLSLVNRVRQGYSPLSFQTLTHHQREPDRPERTEEGGGEQDRDRSVRLVTGFLALAWDDLRSLCLFLYHRLRDFIWIAARTLELLGHSSLKGLRRGWEGLKYLGNLLLYWGQELKTSAISLLDATAIAVAGWTDRVIEVAQGAWRAFLHIPRRIRQGLERALL,01_AE,1,50.0,1,397,4
41,CNE3,MRVKETQMNWPNLWRWGTLILGLGIICNASNLWVTVYYGVPVWRDADTTLFCASDAKAYDPEVHNVWATHACVPTDPNPQEIYLENVTENFNMWKNRMAEQMQEDVINLWDQSLKPCVKLTPLCVTLHCTNANLTKVINTTDPRISNETRKEIEKNNIADEVRNCSFNMTTVIRDKRQRVHALFYKLDIVPIVDDSGSNSSSEYRLINCNTSVIKQACPKMSFDPIPIHYCTPAGFAILRCNDKKFNGTGPCKNVSSVQCTHGIKPVVSTQLLLNGSLAEEEIIIRSEDLTNNAKTIIVHLNKSVEINCARPSNNTRTSIALGPGQAWYRTGDITGDIRKAYCEINRTRWKETLKQVAGKLKEHFNTSKIIFQPHSGGDLEITMHHFNCRGEFFYCNTTELFNSTWEENSNWTSTKIDTIKLPCKIKQIINMWQGVGQAMYAPPISGVINCLSNITGILLTRDGGNNSNANETFRPGGGDIKDNWRSELYKYKVVQIEPLGVAPTRAKRRVVEREKRAVGIGTMIFGFLGAAGSTMGAASITLTVQARQLLSGIVQQQSNLLRAINAQQHLLQLTVWGIKQLQARVLAVERYLKDQKFLGLWGCSGKIICTTAVPWNSTWSNKSYEQIWDNMTWIEWEREISNYTNQIYELLTESQNQQDRNEKDLLELDKWASLWNWFDITNWLWYIKIFIMIVGGLIGLRIIFAVLSIVNRVRQGYSPLSFQTPTHHQRDPDRPERIEEGGGEQDRNRSVRLVTGFLALAWDDLRSLCLFSYHRLRDLLLIVTRIVELLGRRGWEALKYLGNLLLYWGRELKISAISLLDAIAIAVAEGTDRVIEVVQRACRAILNIPRRIRQGLERSLL,01_AE,1,50.0,1,397,4
42,98TZ017,MRVMGTRRSYPRWWIWGILGFWMLMSYNAVGNLWVTVYYGVPVWKEAKTTLFCASDAKAYEREVHNVWATHACVPTDPNPQELVLGNVTENFNMWKNDMVDQMHEDVISLWDQSLKPCVKLAPLCVTLHCSNANNATSTVNNSISEDMRNCSFNVTTELRDKKQKVYALFYKLDVVQLNSSSNPSEYRLINCNTSTITQACPKVSFDPIPIHYCAPAGYAILKCNNKTFNGTGPCNNVSTVRCTHGIKPVVSTQLLLNGSLAEGEIIIRSENITDNTKTIIVHLNESVVINCTRPGNNTRKSIRIGPGQTFYATGEIIGDIRQAHCNISREQWNKTLQRVKERLKEHFPDAANITFAPSSGGDLEITTHSFNCRGELFYCNTSGLFNESLVKSNNSNGTIELQCRIKQIINMWQEVGRAIYAPPIRGNITCISNITGLLLTRDGGNNGTNATEIFRPGGGDMRDNWRSELYKYKVVEIKPLGIAPTGAKRRVVEREKRAVGMGAVLLGFLGAAGSTMGAASMALTVQARQLLSGIVQQQSNLLRAIEAQQHMLQLTVWGIKQLQTRVLAIERYLTDQQLLGMWGCSGKLICTTTVPWNSSWSNKSQEDIWNSTTWMQWDREIDNYTNTIYQLLEDSQKQQEKNEQELLALDKWQNLWNWFSITKWLWYIKIFIMIIGGLIGLRIIFAVLSIVNRVRQGYSPLSFQTLTPNPRGPDRLGRIEEEGGEQDRDRSIRLVSGFLALAWDDLRSLCLLSYHRLRDFILVTARAVELLGRSSLRGLQRGWEILKYLGGLIQYWGLELKKSAINLLDTTALAVAEGTDRIIELVQRICRAIRNIPRRIRQGTEIVLV,C,1,50.0,1,397,3
43,CNE57,MRVMGIRKNYQHLWRWGTMLLGMLMICSAAEKLWVTVYYGVPVWKEATTTLFCASDAKAYDAEVHNVWATHACVPTDPNPQEVVLGNVTETFDMWKNNMVEQMHEDIISLWDQSLKPCVKLTPLCVVLNCTNPTNTSSRTNSTTDMKNCSFDVTTNIQTKVKEYALFYKLDVIPIDDNNNISYRLRHCNTSVITQACPKVSFEPIPIHYCAPAGFAIIKCNNKMFNGTGPCTNVSTVQCTHGIRPVVSTQLLLNGSLAEEEVVIRSRNFTDNARVIIVQLNDSVEINCTRPNNNTRKRVTLGPGRVWYTTGQIIGDIRKAHCNLSIAKWNNTLKKITEKLKEQFGNKTIIFKQPSGGDLEVVMHSFNCGGEFFYCNTSQLFNETWTWNNSTRNDNTGNGTITLPCRIKQIVNMWQEVGKAMYAPPIRGQIRCSSNITGLLLTRDGGNNTDKNTEIFRPGGGNMRDNWRSELYKYKVVKIEPLGVAPTKAKRRVVQREKRAVGIGAVFLGFLGAAGSTMGAASITLTVQARQLLSGIVQQQRNLLMAIEAQQHLLQLTVWGIKQLQARVLAVERYLKDQQLLGIWGCSGKLICTTAVPWNTSWSNKSLSQIWDNMTWMEWEREIDNYTREIYTLIEQSQNQQEKNELELLELDKWASLWNWFDITKWLWYIKIFIMIVGGLVGLRIVFAVLSIVNRVRQGYSPLSLQTHLPTQRGPDRPEGTEEEGGERDRDRSTRLVNGFLALFWEDLRSLCLFSYHHLRDLLLIVARIVELLGRRGWEALRYWWNLLQYWSQELKNSAISLLNATAIAVAEGTDRVIEVARRVYRAILNIPTRIRQGLERALL,B,1,50.0,1,397,1
44,TH966_8,VKETQMNWPNLWKWGILILGLVIICSASDNLWVTVYYGVPVWRDADTTLFCASDAKAHETEVHNVWATHACVPTDPNPQEIHLENITENFNMWKNNMVEQMQEDVISLWDQSLKPCVKLTPLCVTLNCINANLTNVNNIIHGPNIIGNITDEVRNCSFNMTTEIRDKKQKVHALFYKLDLVQIEDKNSSEYRLINCNTSVIKQACPKISFDPIPIHYCTPAGYAILKCNDKNFNGTGPCTNVSSVQCTHGIKPVVSTQLLLNGSLAEEEIIIRSENLTNNAKTIIVHLNKSVEINCTRPSNNTRTSTTIGPGQVFYRTGDITGNIRKAYCEINGTKWNEALKQVTKKLKEHFNNKTIIFQPPSGGDLEITMHHFNCRGEFFYCNTTRLFNNTCIGNETIGGCNDTIILPCKIKQIINMWQGAGLAMYAPPISGRINCVSNITGILLTRDGGANNTSNETFRPGGGNIKDNWRSELYKYKVVQIEPLGIAPTRAKRRVVEREKRAVGIGAMIFGFLGAAGSTMGAASITLTVQARQLVSGIVQQQSNLLRAIEAQQHLLQLTVWGIKQLQARVLAVERYLKDQKFLGLWGCSGKIICTTAVPWNSTWSNRSFEEIWSNMTWIEWEREISNYTNQIYEILTESQNQQDRNEKDLLELDKWASLWSWFDITNWLWYIKIFIMIVGGLIGLRIIFAVLSIVNRVRQGYSPLSFQTPIHQQREPDRPERIEEGGGEQGRDRSVRLVTGFLALAWDDLRSLCLFSYHRLRDFISIAARTVELLGRSSLKGLRRGWEGLKYLGNLLLYWGQELKISAISLLNATAIAVAGWTDRVIEVAQGIWRAILHIPRRIRQGLERALL,01_AE,1,50.0,1,397,4
45,6471_V1_C16,MRAKGILRNCQQWWIWGILGFWMLMICSGNENLWVTVYYGVPVWREAKTTLFCASDAKGYEKEVHNVWATHACVPTDPNPQEMKLGNVTENFNMWENDMVDQMHEDVISLWDQSLKPCVKLTPLCVTLNCSHAVRVTGNNDTATRKNTTVDNNNTVDDSTMDEQMKNCSFNVTTELRDKEKEQYALFYTVDVVNDSSTYRLINCNSSTITQACPKVSFDPIPIHYCAPAGYAILKCNNKTFNGTGPCNDVSTVQCTHGIKPVVSTQLLLNGSLAEEEIVIRSKDLNNTGNTIIVHLNKSIEIMCTRPGNNTRQSIRIGPGQTFYATGDIIGDIRQAYCNISKVKWNETLQMVGKKLREHYNFTNKGKIKFSPHPGGDLEVTMHSFNCRGEFFYCNTSKLFNSTYMPGYWPNATERNSTSNITLHCRIKQIINMWQGVARAMYAPPIRGNITCISNITGLLLTWDGDKTSNDPDTDVFRPGGGNMKDNWRSELYKYKVVEIKPLGIAPTRAKRRVVEREKRAVGIGAVLLGFLGAAGSTMGVASITLTVQARQLLSGIVQQQSNLLRAIEAQQHMLQLTVWGIKQLQARVLAIERYLQDQQLLGIWGCSGKLICTTTVPWNQSWTNKSYGEIWGNMTWMEWDREISNYSSAIYWLLEESQKQQDKNEKDLLALNSWNSLWNWFDISKWLWYIRLFIMIVGGLIGLRIIFAVLSIVNRVRQGYSPLSLQTLTPNLREPDRLGRIEEEGGEQDRDRSIRLVSGFLPLAWDDLRSLCLFCYHRLRDLILVTARALELLGRSILRGLQRGWEILKYLGSLVQYWGLEIKKSATNLLDTIAIAIAEGTDRIIEVIQRIGRAILNIPRRIRQGFEAALQ,C,1,50.0,1,397,3
46,249M_B10,MRVMGILRNCQPWWIWSILGFWMLMNCSGNLWVTVYYGVPVWREAKTTLFCASDAKAYEKEVHNVWATHACVPTDPNPQEMNLENVTENFNMWKNDMVDQMHEDIISLWDQSLKPCVKLTPLCVTLNCNNVNVTHNSTYNNTEGEQIKNCSFNITTELRDKKQKVYALFYKLDILPLNGNNDSNEYRLINCNTSAITQACPKVSFDPIPIHYCAPAGYAILKCNNKTFNGKGPCNNVSTVQCTHGIKPVVSTQLLLNGSLAEKEIIIRSENITDNVKIIIVHLNESVEINCTRPNNNTRKSIRIGPGQTFYATGEIIGKIREAHCNISKEKWNKTLLRVAKKLREHFPGKAIKFEPSSGGDLEITTHSFNCRGEFFYCTTSKLFNSTYNPNDTESNSNNSNETLTLTCKIKQIINMWQGVGRAMYAPPIEGSITCNSTITGLLLTRDGGSKNNTEEIFRPGGGNMKDNWRSELYKYKVVEIKPLGVAPTEAKRRVVEREKRAVGLGAVFLGFLGAAGSTMGAASITLTVQARQLLSGIVQQQNNLLRAIEAQQHMLQLTVWGIKQLQARVLAIERYLKDQQLLGIWGCSGKLICTTSVPWNTSWSNKSKAEIWDNMTWMQWDKEISNYTQTIYNLLEESQSQQEKNEKDLLELDSWNNLWNWFDISKWLWYIKIFIMIVGGLIGLRIIFAVLSIVNRVRQGYSPLSFQILTPNPRGPDRLGRIEEEGGEQDRDRSVRLANGFLALAWEDLRNLCLFFYHRLRDFILIAARTVELLRQISFKGLQRGWEALKYLGSLVQYWSQELKESAINLLNTIAIAVAEGTDRIIEVVQRGFRAILNVPTRIRQGLERALL,C,1,50.0,1,397,3
48,DRVI01_0912_6,MRVMGIRKNYQHLWRWGTMLLGMLMICSAAEKLWVTVYYGVPVWKDANTTLFCASDAKAYDTEAHNVWATHACVPTDPNPQEVDLKNVTENFNMWKNNMVEQMHEDIISLWDQSLKPCVKLTPLCVILNCTNYNNTNYSNTSSNANSTTEGGEMKNCSFNVTTSINTRVKSNALFYNLDLVQIDNDNDNTSYRLIKCNTSVITQACPKISFEPIPIHYCAPAGFGIIKCKDKMFNGTGPCKNISTVQCTHGIRPVVSTQLLLNGSLAEKEVVIRSSNFSENDNIIIVQLNESLQINCTRPNNNTRKSIQLGLGRAWYATGEIIGNIRQAHCNISRAKWNNTLRLIVEKLREQFGNKTIIFNRSSGGDPEIVMHNFNCGGEFFYCNTTQLFNSTWNGTSTWNETSAENGTITLPCRIKQIVNMWQEVGKAMYAPPISGPIRCSSNITGLLLTRDGGNETNTTAETFRPGGGDMRDNWRSELYKYKVVRIEPLGVAPTKAKRRVVQREKRGVTLGAMFLGFLGAAGSTMGAASITLTVQARQLLSGIVQQQRNLLMAIEAQQHLLQLTVWGIKQLQARVLAVERYLKDQQLLGIWGCSGKLICTTAVPWNASWSNKSQGEIWDNMTWMEWEREIENYTSTIYTLLEKSQNQQEKNELELLELDKWASLWNWFDITKWLWYIKIFIMIVGGLVGLRIIFAVLSIVNRVRQGYSPLSLQTRFPAQRGPDRPEGIEEEGGERDRDRSERLVNGFLTLFWEDLRNLCLFSYHLLRDFLLIVARIVELLGRRGWEALKYWWNLLQYWIQELKNSAISLFNATAIVVAEGTDRVIEVAQRAFRAILNIPTRIRQGLERALL,B,0,1.37,0,397,0
49,263_8,MRVKGTQMNWPSLWRWGTLILGLVTICSASDKLWVTVYYGVPVWREAETTLFCASDAKAVSPEAHNIWATHACVPTDPNPQEMQLENVTEEFNIWNNSMVEQMHKDIIDLWDQSLKPCVQLTPLCVTLNCSSVSNSSSSNSTYNITVSQSMEGEIKNCSFNMTTELRDKKKKVYALFYRLDVIEINDTSSSNSDNSSSTQYNKYRLINCNTSAITQACPKVSFEPIPLHLCAPAGFAILKCNDKKFNGKGTCNNVSTVQCTHGIKPVVSTQMLLNGSLAGEEIGIRSENISNNAKTIMIQLKEPVQINCTRPNNNTRKSIHMGPGQAFYATDAVIGDIRQAYCNVSKGTWNKTLQAVAKQLYKHFNKTIIFNSSSGGDLEITTHSFNCGGEFFYCNTSRLFNSTWNNSSIWDNSTGDYNSTKDNETITLPCRIKQIINMWQKVGQAMYAPPIKGIIRCDSNITGLLLTRDGGINNSTSETFRPGGGDMRDNWRSELYKYKVVQIEPIGLAPTHAKRRVVEREKRAVGLGALFLGFLGAAGSTMGAASMTLTVQARQLLSGIVQQQSNLLRAIEAQQHLLKLTVWGVKQLQARVLALERYLRDQQLLGIWGCSGKLICTTTVPWNSSWSNRTLSEIWDNMTWLQWDKEVSQYTEEIYKLIAESQNQQEKNEQELLALDKWESLWSWFNITNWLWYIKIFIMIVGGLIGLRIVFTVLNVINRVRQGYSPLSFQTLTHHQGEPDRPGRIEEGGGEQDRDKSVRLVNGFLALAWDDLRSLCLFSYHRLRDFALIAARAVELVGHNSLKGLRLGWEALKHLGNLLLYWGQELKNSAINLVDTIAIAVANWTDRVIEIGQRVCRGIRNIPRRIRQGLERSLL,02_AG,1,50.0,1,397,4
50,6540_V4_C1,MKVKGILRNCQQWWIWGILGFWMVMTYSVVGNLWVTVYYGVPVWKDAETTLFCASDAKAYEREVHNVWATHACVPTDPNPQEVIMENVTENFNMWKNNMVDQMHEDVISLWDQSLKPCVKLTPLCVTLDCKNVNDTRNGNVTYNNTMNEEIKNCSFNMTTELRDKKQKVSALFYRIDIVSLNSNSSDYRLINCNTSAITQACPKVSFEPIPIHYCAPAGYAILKCNNETFNGTGPCHNVSTVQCTHGIKPVVSTQLLLNGSLAKNQVMIRSEHIGNSAKNIIVQFTEPVKINCTRPNNNTRKSVHIGPGQAFYATGDIIGNIRQAYCTVNRTAWNNTLQKVVTRLRTYFGNKTIIFKNSSGGDIEITTHSFNCAGEFFYCNTSSLFNSTWPVSGQGLNSTELGDTITLQCRIKQIINMWQRAGQAIYAPPIPGVIRCESNITGLILTSDYGNNNSDNEIFRPTGGDMRDNWRSELYKYKVVKIEPIGVAPTKARRRVVQREKRAVGLGAVFIGFLGAAGSTMGAASVTLTVQARQLLSGIVQQQSNLLRAIEAQQHMLKLTVWGIKQLQARVLAVERYLRDQQLLGIWGCSGKLVCNTNVPWNSSWSNKSLSEIWENMTWLQWDKEINNYTQIIYTLIEESQTQQEKNEQELLALDKWANLWNWFDISNWLWYIRIFIMIVGGLIGLRIVFVVLAVINRVRQGYSPLSFQTHTPSPAGPDRPGRIEEEGGEQGRGKSIRLVSGFLALAWEDLRSLCLFSYHRLRDFILIAARVVEVLGRSSLRGLQRGWEALKYLGSLVQYWGLELKKSAISLLDTVAIAVAEGTDRIIEFIQGICRAIRNIPRRIRQGFEAALQ,A1C,1,50.0,1,397,4
51,704809221_1B3,MRVRGILKNYQQWWIWGILGFWIINLVGGNLWVTVYYGVPVWRDANTTLFCASDAKAYDREVHNVWATHACVPTDPSPQEMVLRNVTENFNMWKNDMVDQMHEDIISLWDQSLKPCVKLTPLCVTLSCTNANITNTNANSTNSTSTNANKTSINNDMQEIKNCSFNMTTELRDKQKKEYALFYRLDIVPLEKGNNASNYSDYRLINCNTSAIKQACPKVSFEPIPIHYCAPAGYAILKCNSKTFNGTGPCLNVSTVQCTHGIKPVVSTQLLLNGSLAEEEIVIRSENITNNAKTIIVHLNESVGIVCTRPGNNTRKSIRIGPGQAFYATGDIIGDIRQAHCNISEEAWNRTLLRVAKKLREYFPNKTIAFDSPSGGDLEIVTHTFNCGGEFFYCNTSDLFNRVYNTTGTYNSTERRNSTITIQCRIKQIINMWQRVGQAMYAPPIAGNITCKSNITGLLLTRDGGQNIKNETNKETFRPGGGDMRDNWRSELYKYKVVEIKPLGVAPTGAKRRVVGREKRALGMGAMIFGFLGAAGSTMGAASITLTVQARNLLSGIVQQQSNLLKAIEAQQHLLQLTVWGIKQLQARVLALERYLKDQQLLGLWGCSGKIICPTAVPWNLNWSDKSQTQIWDNMTWMDWDREISNYTNTIYKLLEESQNQQEKNEKDLLALDSWDNLWSWFNISNWLWYIKIFIMVIGGLIGLRIIFAVLSIVNRVRQGYSPLSFQTLTPNPREPDRLGRIEEEGGEQDRDRSVRLVSGFLALAWDDLRSLCLFCYHQLRNFILIAARAVEILGRSSLRGLQKGWTALKYLKSLVQYWGLELKKSAISLLDTIAIAVAEGTDRIIEVIQRIGRAILNIPRRLRQGFEAALL,C,1,50.0,1,397,3
52,KNH1209_18,MRVMGIQRNCQNLLTWGTMILGIIIFCSATDNLWVTVYYGVPVWKDAETTLFCASDAKAYATEKHNVWATHACVPTDPNPQEIHLENVTEEFNMWKNNMVEQMHTDIISLWDQSLKPCVKLTPLCVTLNCSNANVRYSNATVNNTIKDEIKNCSFNTTTALRDKRQKVYSLFYRLDIVQIDNSSSDSSSSEYRLINCNTSAITQACPKVTFEPIPIHYCAPAGFAILKCKDEEFNGTGPCKNVSTVQCTHGIKPVVSTQLLLNGSLAKREVKIRTENITNNAKNIIVQFVNPVEINCTRPNNNTRKSIHIGPGQAFYATGDIIGDIRQAHCNVSRSSWNKTLQQVAKQLGTYFKNKTIVFNTSSGGDPEITTHSFNCAGEFFYCDTSGLFNSSWNNNTWKESNSTGSNDTITLLCRIKQIINMWQRTGQAMYAPPIPGLISCKSNITGIILTRDGGNGNSTNETFRPGGGDMRDNWRSELYRYKVVQIEPLGVAPTRARRRVVQREKRAVGIGAVFLGFLGAAGSTMGAASITLTVQARQLLSGIVQQQSNLLRAIEAQQHLLKLTVWGIKQLQARVLAVERYLRDQQLLGIWGCSGKLICTTNVPWNSSWSNKSYNDIWDNMTWLQWDKEIHNYTQLIYNLIEESQNQQEKNEQDLLALDKWANLWNWFNITHWLWYIKIFIMVVGGLIGLRIVFAVLSIINRVRQGYSPLSFQTHLPNPRDFDRPERIEEEGGEQGRDRSIRLVSGFLALAWDDLRSLCLFSYHRLRDFILIAARTVELLGQSSLKGLRLGWESLKYLWNLLGYWVRELKISAVNLVDTIAIAVAGWTDRIIIGQGIGRAIRHIPRRIRQGLERALL,A1,0,0.083,0,397,4
54,PVO_4,MRVTGIRKNYQHSWRWGMMLLGMLMICSAEEKLWVTVYYGVPVWKEATTTLFCASDAKAYNTEVHNVWATHACVPTDPNPQEVGLENVTENFNMWKNNMVEQMHEDIISLWDQSLKPCVKLTPLCVTLNCSDLRNATNTTNPTVSSRVIKKEMMGEVKNCSFNVTTDIRDRMQKVYALFYRPDVVPIQDHTIENNNTIENNTTYRLISCNTSVITQACPKISFEPIPIHYCTPAGFAILKCNDKKFNGSGPCTNVSTVQCTHGIRPVVSTQLLLNGSRAEEEVIIRSENFTNNAKTIIVQLNKTVEINCTRPNNNTRKSISIGPGRAFYATGDIIGDIRQAHCNLSRAEWNKTLKYISTKLREQFGNKTIIFNGSSGGDPEIVTHSFNCGGEFFYCNTTKLFNSTWDANGNCTGCDESDGNNTITLPCRIKQIVNMWQEVGKAMYAPPIKGLIKCTSNITGLLLTRDGGANNTNETFRPGGGDMRDNWRSELYKYKVVQIEPLGIAPTRARRRVVQREKRAVGTLGAMFLGFLGAAGSTMGAASVTLTVQARQLLSGIVQQQNNLLKAIEAQQHMLQLTVWGIKQLQARVLAIERYLKDQQLLGIWGCSGKLICTTAVPWNTSWSNKSFNKIWDNMTWMEWEREIDNYTGLIYNLLEESQNQQEKNEQDLLALDKWESLWNWFSITKWLWYIKIFIMIVGGLIGLRIVFAVLSIVNRVRQGYSPLSFQTHLPTSRGPDRPEGIGGEGGERDRDRSGPLVDGFLAIIWVDLRSLFLFSYHRLTDLLLILTRIVELLGRRGWEALKYWWNLLQYWSQELRNSAVSLLNATAIAVAEGTDRIIEVVQRTFRAIIHIPRRIRQGLERLLL,B,1,50.0,1,397,1
55,CAP210_E8,MRVMGIQRNWQQWGIWGILGFWLLMICSGMGNLWVTVYYGVPVWKEAKTTLFCASDAKGYDTEVHNVWATHACVPTDPNPQEIVLENVTENFNMWKNDMVDQMHQDIISLWDQSLKPCVKLTPLCVTLNCSDATYNNGTNSTDTMKICSFNATTELRDKKKKEYALFYRLDIVPLKNESESQNFSEYILINCNTSTIAQACPKVSFDPIPIHYCAPAGYAILKCNNKTFNGTGPCNNVSTVQCTHGIKPVVSTQLLLNGSLAEEEVVIRSENISNNVKTIIVHLNESVNITCIRPGNNTRRSIRIGPGQAFYAMGDIIGNIREAHCNISEKAWNETLKKVVEKLVKYFPNKTIEFAPPVGGDLEITTHSFNCGGEFFYCNTTKLFNSTHNSTDSTVNSTDSTAETGNSTNTNITLPCRIRQIINMWQEVGRAMYAPPSKGNITCISNITGLLLTRDGGENKTENNDTEIFRPGGGDMKDNWRSELYKYKVVEIKPLGVAPTRAKRRVVEREKRAVGIGAVFLGFLGAAGSTMGAASITLTVQARQLLSGIVQQQSNLLRAIEAQQHMLQLTVWGIKQLQTRVLAIERYLKDQQLLGIWGCSGKLICTTNVPWNSSWSNKSYGDIWDNMTWMQWDREINNYTNTIYRLLEDSQNQQEKNEQDLLALDKWQSLWSWFSISSWLWYIKIFIMVVGGLIGLRIIFAVLSIVNRVRQGYSPLSLQTLPPNPRELDRLGGIEEEGGEQDRGRSVRLVSGFLPLAWDDLRSLCLFCYHRLRDLLLITTRAVELLARSILKGLQRGWEILKYLGSLVQYWGQELKKSAINLLDTTAIAVAEAADRILELLQRIWRGICNVPTRIRQGFEAALQ,C,1,50.0,1,397,3
56,ZM214_15,MRVRGMLRNCQQWWIWGILGFWMLMICNGVGNLWVTVYYGVPVWREAKTTLFCASDAKAYEKEVHNVWATHACVPTDPNPQELVLENVTENFNMWKNDMVNQMHEDIISLWDQSLKPCVKLTPLCVTLNCSNVNINETSIDFNVTSNISMKEEMKNCSFKVNSELRDKNRREHALFYKLDIVQLNDEGNDSYSYRLINCNTSTIKQACPKVSFEPIPIHYCAPAGYAILKCNNETFNGSGPCNNVSTVQCTHGIKPVVSTQLLLNGSLAEKEIMIRSENLTNNAKTIIVQLTEAVNITCMRPGNNTRRSVRIGPGQTFYATGEIIGDIRQAHCNISKDKWNQILQNVRAKLGEHFHDKTIKFEPSSGGDLEITTHSFNCGGEFFYCNTTNLFSRTYTNGSNSNVNITSATITLPCRIKQIINMWQEVGRAMYAPPIAGNITCISNITGLLLTRDGGNGNDTNDTETFRPAGGDMRDNWRSELYKYKVVEIKPLGIAPTKAKRRVVGREKRAVGIGAVFLGFLGAAGSTMGAASITLTVQARQLLSGIVQQQNNLLRAIEAQQHLLQLTVWGIKQLQARVLAIERYLKDQQLLGLWGCSGKLICTTTVSWNSSWSNKSVDDIWQNMTWMQWDREINNYTEIIYRLLEVSQNQQEKNEEDLLALDKWDNLWNWFDISKWLWYIKIFIMIVGGLIGLRIIFAVLSIVNRVRQGYSPLSFQTLTPNPRELDRLGRIEEEGGEQDRSRSIRLVNGFLALAWDDLRSLCLFSYHHLRDLILIAARTVSLLGRRGWEALKYLGGLVQYWGRELKKSAISLLDTVAITVAEGTDRVIEIAQRFGRGICNIPRRIRQGFEAALQ,C,1,50.0,1,397,3
57,94KE105,MRARGIQRNCQQWWIWGILGFWMLMTCSVVGKLWVTVYYGVPVWRDAKTTLFCASDAKAYDTEVHNVWATHACVPTDPNPQEIELKNVTESFNMWKNDMVDQMHQDIISLWDQSLKPCVKLTPLCVTLNCSTYNGTTNNIYNNTMGDEIKNCSFNMTTEVRDKSKKVHALFYKLDIVPLNDSVDESNRNYRLINCNTSALTQACPKVSFDPIPIHYCAPAGYAILKCNNKKFNGTGPCNNVSTVQCTHGIKPVVSTQLLLNGSLAEEEIIIRSENLTNNVKTIIVHLKEPVINCTRPNNTRKIGVGPGQTFYAGIIGDIRQAHCNISSQWNKTLQEVVKKLRQHFPNKTINFTPSGGDLEITMHSFNCRGEFFYCNTTRLFNSTWYVNSTWNDTAGNDTTGNDIITLPCRIKQIINMWQETGRAMYAPPIEGKITCNSNITGILLTRDGGIGTNNNTETFRPGGGNMKDNWRSELYKYKVVEIKPLGVAPTKAKRRVVEREKRAVVGIGAVFLGFLGAAGSTMGAASITLTVQARQLLSGIVQQQSNLLRAIEAQQHMLKLTVWGIKQLQARVLAVERYLKDQQLLGIWGCSGKLICTTNVPWNSSWSNKSFNDIWENMTWLQWDKEINNYTDIIYRLIEDSQNQQEKNEQDLLALDQWASLWNWFGITKWLWYIKIFIMIVGGLIGLRIVFAVLSVINRVRQGYSPLSFQTLTPNPRGPDRPRGIEEEGGEQDRDRSVRLVSGFLALAWDDLRSLCLFSYHRLRDFILIAARTVELVGHSSLKGLRLGWEGLKYLWNLLLYWGQELKTSAINLVDTIAIVVAGWTDRVIEIGQRIGRAILNPRIRQGLERALL,A1C,0,0.063,0,397,4
58,3589_V1_C4,MRVRGMQRNYQHLWRWGIIILGMIIICSTTDKLWVTVYYGVPVWKDAKTTLFCASDAKAYEREVHNVWATHACVPTDPNPQEIYLENVTEEFNMWKNDMVDQMHEDIISLWDQSLQPCVRLTPICVMLNCTDVIHNGTQDPNNITDTDMRNCSFNASTEIRGKKHRTYALFYKLDIVSLNNGINNSEYRLINCNTSAITQACPKVTFDPIPIHYCAPAGYAILKCNNKTFNGTGPCNNVSTVQCTHGIKPVVSTQLLLNGSLAEGEIIIRSKNLTDNAKTIIVQLDSPVKINCTRPNNNTRKSIRIGPGQAFFATGEIIGKIRQAYCNVSRTDWNTTLQKVAIQLRKHLNKSTIEFAKHSGGDLEITTHSFNCGGEFFYCNTSSLFNSTWDNSSITQNYTESNETITLQCRIKQIVNAWQRVEQAIYAPPIQGVIRCDSNITGLLLTRDGGGNNSSENETFRPGGGDMRDNWRSELYKYKVVKLEPLGVAPTKAKRRVVEREKRAVGIGAVFLGFLGAAGSTMGAASMTLTVQARQLLTGIVQQQSNLLRAIEAQQHLLKLTVWGIKQLQARVLAVERYLKDQQLLGIWGCSGKLICTTNVPWNSSWSNKSYDDIWDNMTWLQWDKEISNYTEVIYNLIEQSQNQQEKNEQDLLALDKWANLWNWFNISNWLWYIKIFIMIVGGLIGLRIIFTVLSVINRVRQGYSPLSFQIHTPNPRGLDRPGRIEEEGGEQDRDRSIRLVSGFLALAWDDLRSLCLFCYHRLRDFILLTARVVELLGRRGWEALKYLGSLVQYWGLELKKSAINLLDTLAIVVAGWTDRIIEIGQRIGRAILHIPRRIRQGFERALQ,A1C,0,6.62,0,397,4
59,DRVI01_0803_12,MRVMGIRKNCQHLWRWGTMLLGMLMICSAAKNLWVTVYYGVPVWKEANTTLFCASDAKAYDTEAHNVWATHACVPTDPDPQEVDLINVTENFNMWKNNMVEQMHEDIISLWDQSLKPCVKLTPLCVTLNCNNISSNASSTTEGGEMKNCSFNVTTSIQTKVKGYALFYNLDIVQIGNDSNSYRLIKCNTSVITQACPKISFEPIPIHYCAPAGFGIIKCKDKKFNGTGLCTNVSTVQCTHGIRPVVSTQLLLNGSLAEEEVVIRSSNFSKNDKIIIVQLNEAVEINCTRPNNNTRKSIHLGQGRAWYATGEIIGDIRQAHCNISRAKWNNTLRLIVEKLREQFRNKTIIFNRSSGGDPEIVMHNFNCGGEFFYCNTTQLFNSTWNKTGTWNETSTENGTITLPCRIKQIINMWQEVGKAMYAPPISGPIRCSSNITGLLLTRDGGNETNTTTETFRPGGGDMRDNWRSELYKYKVIKIEPLGVAPTKAKRRVVQREKRALTLGAMFFGFLGAAGSTMGAASITLTVQARQLLSGIVQQQRNLLMAIEAQQHLLQLTVWGIKQLQARVLAVERYLKDQQLLGIWGCSGKLICTTAVPWNASWSNKSQSEIWDNMTWMEWEREIENYTSTIYTLIEKSQNQQEKNELELLELDKWASLWNWFDITKWLWYIKIFIMIVGGLIGLRIIFAVLSIVNRVRQGYSPLSLQTRFPAQRGPDRPEGIEEEGGEQDRGRSERLVNGFLTLFWEDLRNLCLFSYHLLRDFLLIVARIVELLGRRGWEALRYWWNLLQYWIQELKNSAISLFNATAIAVAEGTDRVIEVAQRAFRAILNIPTRIRQGLERALL,B,0,0.24,0,397,0
61,SG3,MRVKEIRKNYQHLWRWGTMLFGILMIYSAAGNLWVTVYYGVPVWKEATTTLFCASDAKAYDTEVHNVWATHACIPTDPNPQEIVLENVTEDFNMWKNNMVEQMQEDIISLWDQSLKPCVKLTPLCVTLNCTDELKNATNTTSTNTPSGSWKKMERGEIKNCSFNVLGDKKQKAYALFYKLDVVPIDNDKNSTKYRLISCNTSVTTQACPKISFEPIPIHYCAPAGFAILKCKDKKFNGTGSCKNVSTVQCTHGIKPVVSTQLLLNGSLAEEEVVIRSANFSDNAKTIIVQLKEAVEINCTRPNKKTRKRITTGPGRVYYTTGEIVGDIRQAHCNLSRAKWNDTLRQIVIKLREQFENKTIVFNQSSGGDPEIVMHSFNCGGEFFYCKSTQLFNSTWAGNNTWNSSAERSDDTGGNITLPCRIKQIINMWQEVGKAMYAPPISGQIRCTSNITGLLLTRDGGTSDTNTTETFRPGGGDMRDNWRSELYKYKVVKIEPLGVAPTTAKRRVVQREKRAVGIGALFLGFLGAAGSTMGAASMTLTVQARQLLSGIVQQQNNLLRAIEAQQHLLQLTVWGIKQLQARVLAVERYLKDQQLLGIWGCSGKLICTTAVPWNASWSNKSLNQIWDNMTWMQWEREIENYTDLIYNLIEESQNQQEKNEQELLELDKWASLWNWFTITNWLWYIKIFIMIVGGLIGLRIVFTVLSIVNRVRQGYSPLSFQTHLPTPRGPDRPEGIEEEGGERDRDRSGRLVNGFLALFWDDLRSLCLFSYHRLRDLILVVTRIVELLGRRGWEALKYWWSLLQYWSQELKNSAVNLLNVTAIAVAEGTDRVIEVVQRTYRAILHIPRRIRQGLERLLL,B,0,0.0759999999999999,0,397,0
63,703010200_1E5,MRVKEISRNCPHWWIWGILGFWMLMICNGQGKLWVTVYYGVPVWREAKTTLFCASDAKAYDQEVHNVWATHACVPTDPKPQEIVLENVTENFNMWTNGMVDQMHDDIISLWDQSLKPCVKLTPLCVTLNCTNNITISNITISNNKSEEMKNCSFSVSTELKDKKQKQNALFYTLDIVPLNENNDSNGEYRLISCNTSAITQACPKVSFDPIPIHYCAPAGYAILKCNNETFNGTGPCKNVSTVQCTHGIKPVVSTQLLLNGSLAEGEIVIRSQNITDNAKTIIVHLPKAVKINCTRPNNNTRKSVRIGPGQTFYATGGIIGDIRQAHCNISKKDWNETLQEVGKKLAKYFPNKTISFNHSSGGDLEITTHSFNCRGEFFYCNTSKLFNSTYNPNGTKDNSSSVITLSCRIKQIINMWQEVGRAMYAPPIEGKITCRSDITGLLLTRDGGNNNTEEIFRPGGGNMKDNWRSELYKYKVVEIKPLGVAPTKAKRRVVEREKRAVGIGAVFLGFLGAAGSTMGAASITLTVQARQLLSGIVQQQSNLLKAIEAQQHMLRLTVWGIKQLQARVLAIERYLQDQQLLGIWGCSGKLICTTSVPWNESWSNISYDTIWGNMTWMQWEKEIDNHTGTIYRLLEESQNQQERNEKDLLALERWDSLWNWFSITKWLWYIKIFIMIVGGLIGLRIIFAVLAIVNRVRQGYSPLSFQTLIPNPRGLDRLGRIEEEGGEQDKDRSIRLVNGFLALFWDDLRSLCLFSYHRLRDFILVTARVVELLGRSSLRGIQRGWEVLKYLGSLVQYWCLELKGSAISLLDTVAIAVAEGTDRIIELIQRIGRAIYHIPRRIRQGFEATLQ,C,1,50.0,1,397,3
64,92BR025_9,VEGIQRNWKQWWIWGILGFWMVMIYNVRGNLWVTVYYGVPVWKEAKTTLFCASDAKAYDTEVHNVWATHACVPTDPNPQEMVLENVTENFNMWENDMVEQMHQDIISLWDQSLKPCVKLTPLCVTLHCSNRTIDYNNRTDNMGGEIKNCSFNMTTEVRDKREKVHALFYRLDIVPLKNESSNTSGDYRLINCNTSAITQACPKVSFDPIPIHYCAPAGYAILKCNNKTFNGTGPCNNVSTIQCTHGIKPVMSTQLLLNGSLAEEEIIIRSKNLTDNVKTIIVHLNESVGINCTRPNNNTRKSIRIGPGQAFYATGEIIGDIRQAHCNISRTAWNKTLQEVGKKLAEHFLNKAIKFAKHSGGDLEITTHSFNCRGEFFYCNTSSLFNSTYTPNSTENITGTENSIITIPCRIKQIINMWQGVGRAMYAPPIEGIITCRSNITGLLLTRDGGTGMHDTEIFRPEGGDMRDNWRSELYKYKVVEIKPLGIAPTKAKRRVVEREKRAVGIGAVFLGFLGAAGSTMGAASITLTVQARQLLSGIVQQQSNLLRAIEAQQHMLQLTVWGIKQLQTRVLAIERYLKDQQLLGIWGCSGKLICTTTVPWNSSWSNRSQEDIWNNMTWMQWDREISNYTNTIYRLLEDSQNQQEKNEQDLLALDKWQNLWTWFGITNWLWYIKIFIMIVGGLIGLRIIFAVLSIVNRVRQGYSPLSFQTLTPNPRGPDRLGGIEEEGGEQDRDRSIRLVSGFLALAWDDLRSLCLFSYHRLRDLILIAARAVELLGRSSLRGIQRGWEILKYLGSLVQYWSLELKKSAISLFDTIAIAVAEGTDRIIEVIQGIWRAICNIPRRIRQGFEAALQ,C,0,0.0299999999999999,0,397,2
65,X2131_C1_B5,MKVKGIRRNWQPLWEWGTLILGLVIMCSASNNLWVTVYYGVPVWEDADTILFCASDAKAYSTESHNVWATHACVPTDPNPQEMPLKNVTEKFNMWKNNMVEQMHEDIISLWDESLKPCVKLTPLCVTLTCTDVTNSSTNSTNGVTNNSTVNYRERLKNCSFNMTTEVRDKQRKEYALFYRLDIVKINDNDKGNNTYRLINCNVSTIKQACPKVTFDPIPIHYCAPAGFAILKCRDKEFNGTGPCKNVSTVQCTHGIKPVISTQLLLNGSLAEGDIMIRSENITDNAKTIIVQLKKAVNITCTRPGNNTRKSIRIGPGQVFYATDEIIGDIRQAHCNISKTEWGDMIKNVSDKLKGLFNKTIIFNSSSGGDLEITTHSFNCRGEFFYCNTSGLFNSSSNDTITHNNSSNENITLPCKIKQIVRMWQRVGQAMYAPPIAGNITCRSSITGLLLVRDGGNNSGTTETFRPAGGDMRDNWRSELYKYKVVRIKPLGVAPTRARRRVVGREKRAVGMGAVLLGFLGAAGSTMGAASITLTVQVRQLLSGIVQQQSNLLRAIEAQQHLLQLTVWGIKQLQARVLAVERYLQDQQLLGIWGCSGKLICTTNVPWNTSWSNKSYSEIWDNLTWVEWEREISNYTQTIYYLLQESQNQQEKNEQDLLALDKWTSLWNWFDITNWLWYIKIFIMIIGGLIGLKIVFTVLAIINRVRKGYSPLSFQTLTHHQREPDRLGRIEEEGGEEDKDKSIRLVSGFLALAWDDLRSLCLCSYHHLRDFILIAARAVHLLGRSILKGLRLGWEGLKYLWNLLLYWGRELRNSAISLLDTIAIAVANWTDSAIEGVQRVGRAVLNIPVRIRQGLERALQ,G,0,0.0138086110310294,0,397,4
66,3326_V4_C3,MRVTGIQRNCQQWWMWSILGFWMLMICNVVGNPWVTVYYGVPVWKETTTTLFCASDAKSYKEEAHNVWATHACVPTDPNPQEIFLGNVTENFNMWKNDMVDQMHEDIISLWDQSLKPCVKLTPLCVTLNCTNINATISNATMGEMKNCSFNITTELRDKKKQEYALFYKLDVVQIDDGANGTNPKYRLINCNTSAITQACPKVTFEPIPIHYCAPAGFAILKCNDKKFNGMGPCNNVSTVQCTHGIKPVVSTQLLLNGSLAEEEVIIRSENLTNNVKNIIVQLNESVTLTCVRPNNNTRKSIRIGPGQTFYATNIIGDIRQAHCNINGTNWTKTLQRVANKLIDLLNLTQINFEPALGGDPEITTHTFNCGGEFFYCNTTNLFNATKWFNRSIEESANANDTSENSTLTLPCRIKQIINMWQGVGKAMYAPPIAGQIKCSSNITGLLLTRDGNNSHETFRPGGGDMGDNWRSELYKYKVVKIEPIGLAPTRAKRRVVEREKRAIGLGAVFLGFLGAAGSTMGAASLTLTVQARQVLSGIVQQQNNLLRAIEAQQHLLQLTVWGIKQLQARVLAVERYLKDQQLLGIWGCSGKHICTTAVPWNSSWSNKSVDDIWGNMTWMQWEKEIDNYTGLIYSLIEESQLQQEKNEQELLEWDKWASLWNWFSITKWLWYIKLFIMIVGGLIGLRIIFAVLSLVNRVRQGYSPLSFQTLPPVPRGPDRPGETEGEGGEQDRGSSIRLVNGFSALIWDDLRNLCLFSYHRLRDLILIATRIVELLGRRGWEAIKYLWNLLQYWIQELKKSAISLLNTTAIIVAEGTDRAIEIVQRAVRAVLNIPTRIRQGFERALL,CD,1,50.0,1,397,4
69,T252_7,MRVKETQKSWQNWWKGGTLILGLVIICSASSNLWVTVYYGVPVWEDANTTLFCASDAKSYSTERHNVWATHACVPTDPNPQELSLENVTENFNMWKNNMVEQMHEDIISLWDESLKPCVKLTPLCVTLSCATVNSTKTNNTSGNITGSEQMRNCSFNMTTEVSDRKKQEYALFYKLDIVKMDDKSNDSLYRMINCNVSTIKQACPKVSFDPIPIHYCAPAGFAILKCKDEEFNGTGPCKNVSTVQCTHGIKPVVSTQLLLNGSLAEGEIMIRSENITDNTKTIIVQLNEAIQITCIRPSNNTRRSIRFGPGQVFYTTGEIIGDIRQAHCNITKKDWDSMIKNVTAKLNETLGGNYTNITFQPHSGGDLEITTHSFNCRGEFFYCNTSELFNTSKLFNETVKGNNSVGNITIPCRIRQIVRMWQRVGQAMYAPPIAGPITCVSNITGLLLTRDGGNNTSPNETFRPAGGDMRDNWRSELYKYKVVKIKPLGIAPTRARRRVVGREKRAVGIGAVLFGFLGAAGSTMGAASITLTVQVRQLLSGIVQQQSNLLRAIEAQQHLLQLTVWGIKQLQARILAVERYLKDQQLLGIWGCSGKLICTTNVPWNASWSNKSYEDIWENMTWIEWEREISNYTQQIYSLIEQSQNQQEKNEQELLALDKWASLWNWFDISKWLWYIRIFIMIVGGLIGLRIVFTVLNIINRVRQGYSPLSFQTLTHHQREPDRPGRTEEGGGEQDRDRSVRLVSGFLALAWDDLRSLSLFSYHRLRDCVLITARAVELLGRSSLQGLRLGWEGLKYLGNLLLYWGRELKNSAINLVDTVAVAVANWTDRVIEVVQRACRAFLNVPRRIRQGFERALL,A1G,0,0.0715,0,397,4
70,T255_34,MRVMGTQRNYPFLWRWGIIIFWMIIICNANKSLWVTVYYGVPVWRDAETTLFCASDAKAYETEAHNVWATHACVPTDPSPQEIHLENVTEKFNMWKNNMVEQMHIDIISLWDQSLKPCVKLTPLCVTLNCVNSNFTNNSSNSSNNSNIDMQEEIKNCSFNMTTELRDKRRQIHSLFYKLDVVQINENNSQQYRPINCNTSAITQACPKMSFEPIPIHYCAPAGFAILKCNNKEFNGTGPCNNVSTVQCTHGIKPVVSTQLLLNGSLAEEKVIIRSENITNNAKTIIVQLAESVSITCTRPANNTIRGERIGPGQTFYTRDTIIGDIRQAHCNVSKDWNNTLQQVATQLGKYFNNKTIIFANHSGGDIEITTHSFNCGGEFFYCNTSKLFDSIWNRTNGSNYTRLGDDTETNDPITLQCRIKQIVRMWQTVGQAMYAPPIRGEIKCESNITGLLLTRDGGNNNSMNETFRPGGGDMRDNWRSELYKYKVVQIEPLGVAPTFAKRRVVERGKRAVGLGAVFLGFLGAAGSTMGAASITLTVQARQLLSGIVQQQSNLLRAIEAQQHLLKLTVWGIKQLQARVLALERYLRDQQLLGIWGCSGKLICTTAVQWNSSWSNKTYEDIWNNMTWMQWDREISNYTEIIYNLIEESQNQQEKNEQDLLALDKWESLWNWFNITSWLWYIKIFIMIIGGLIGLRIVFAVLNIINRVRQGYSPLSFQTLTHHQREPGRPERIEEEGGEQDRDRSVRLVSGFLSLAWDDLRSLCLFSYHRLRDFVLIVVRGVELLGHSSLKGLRLSWEALKHLGNLLLYWGQELKNSAINLFDTIAIAVANWTDRVIEVGQRAGRAILNIPRRIRQGFERLLL,02_AG,1,50.0,1,397,4
71,TZA125_17,MRVKGILRNWQHRWIWIWIILGFWMLMICNGNLWVTVYYGVPVWKEANAPLFCASDAKAYEKEVHNVWATHACVPTDPNPQELDLVNVTENFNMWKNDMVDQMHEDIISLWDESLKPCVKLTPLCVTLNCTNANINNDTVANSGTFKVDNSSNVVKNCSFNITTEIRDKKKKEYSLFYRLDILPLDNSSESKNYSEYVLINCNASTVTQACPKVSFDPIPIHYCAPAGYAILKCKDKTFNGTGPCSNVSTVLCTHGIKPVVSTQLLLNGSLAEEGIVIRSENLTNNAKTIIVQLNEPVEIMCVRPGNNTRKSVRIGPGQTFYATGDIIGDIRQAHCNISRSDWNKTLQEVGKKLREYFHNKTIRFKPAVVGGDLEITTHSFNCRGEFFYCNTSELFTGEYNGTEYKNTSNSNPNITLPCRIKQFVNMWQRVGRAMYAPPIEGNITCNSSITGLLLTWDGGNNTNGTETFRPGGGDMRDNWRSELYKYKVVEIKPLGIAPTSAKRRVVEREKRAVGIGALFLGFLGAAGSTMGAASITLTVQARQLLSGIVQQQSNLLRAIEAQQHMLQLTVWGIKQLQTRVLAIERYLKDQQLLGIWGCSGKLICTTAVPWNTSWSNKTEQDIWNLTWMQWDREVSNYTDIIYRLLEDSQIQQENNEKDLLALDSWKNLWNWFDITNWLWYIRTFIMIVGGLIGLRIIFAVISIVNRVRQGYSPLSFQTLTPTPRGPERLGGIEEEGGEQDRDRSIRLVSGFLSLAWDDLRSLCLFSYHRLRDFILIVVRAVELLGHSSFRGLQRGWEILKYLGNLVQYWGLEIKKRAISLLDTVAIQVAEGTDRIIEVIQRICRAICNIPGRIRRGFEAALQ,C,0,48.2,0,397,2
72,93TH305,MRAKGIKKSYQYLLTWGTMLGILMICSAVEDLWVTVYYGVPVWKAANTTLFCASDAKAYDTEVHNVWATHACVPTDPNPQEVVLENVTENFNMWKNNMVEQMQEDIISLWEQSLKPCVKLTPLCVTLNCTDLKNNATNTITNTTVEGEMKNCSFNITTSIREKVKREYALFYRLDVVPINDDNNNDTSYRLISCNTSVITQSCPKVSFEPIPIHYCAPAGFAILKCNEKKFNGTGPCTNVSTVQCTHGIRPVVSTQLLLNGSLAEEEIVIRSENFTNNAKTIIVQLKEPVEINCTRPNNNTRKGIHIGPGRTFYATGEIIGDIRQAHCNISRAKWNTTLQRIAEKLREQFENKTIIFNQSSGGDPEIVMHSFNCGGEFFYCNTTKLFNSTWNFNSTWNSTWTNGTGNNTKGEENITLPCKIKQIINMWHEVGKAMYAPPIRGQIRCSSNITGLLITRDGGGNGTANETFRPGGGDMRDNWRSELYKYKVVKIEPLGIAPTKAKRRVVQREKRAVVGLGALFFGFLGAAGSTMGAASITLTVQARQLLSGIVQQQNNLLRAIDAQQHMLQLTVWGIKQLQARVLAVERYLKDQQLMGLWGCSGKLICTTAVPWNASWSNKSLDMIWDNMTWMEWEREIDNYTGLIYSLIEESQIQQEKNEKELLELDKWASLWTWFDITKWLWYIKIFIMIVGGLVALRIVFAVLSIVNRVRQGYSPLSFQTRLPTPRGPGRPEEIEEEGGDRDRDRSNILVDGFLAIIWIDLRSLCLFSYHRLRDLLLIVTRIVELLGRRGWGILKYWWNLLQYWSQELRKSAVSLLNATAVAVAEGTDRVIEVLQRIGRAILNIPTRIRQGLESALL,B,1,50.0,1,397,1
73,98CN006,MRVRGTLRNYQQWWIWGVLGFWMLMCNVGGNLWVTVYYGVPVWKEAKTTLFCASDAKAYETEVHNVWATHACVPTDPNPHEMFMENVTENFNMWNNDMVNQMHEDVISLWDQSLKPCVKLTPLCVTLECKNFRNVSSNGTTNEEIKCSFNTTVLRDKEKKVSALFYRLDIVPLNDKNSSESGKNSSEYYRLINCNTSAITQACPKVTFDPIPIHYCPAGYAILKCNNKTFNGTGQCNNVSTVQCTHGIKPVVSTQLLLNGSLAEGEIIIRSENLTNNVKTIIVHLNQSVEIVCTRPNNNTRKSIRIGPGQTFYATGDIIGDIRQAHCNISKNWNETIQRVSKLAEHFPNKTITFASSGGDLEITTHSFNCRGEFFYCNTSGLFNSTYMFNGTYMFNGTKDNSSSIIPRIKIINMWEVGRMYAPPIEGNITCKSNITGLLLVRDGGTESKTKIEIFRPGGGDMRDNWRSELYKYKVVEIKPLGVAPTTAKRRVVERGKRAVGLGAVFLGFLGAAGSTMGAASITLTVQARQLLSGIVQQQSNLLRAIEAQQHLLQLTVWGIKQLQTRVLAIERYLKDQQLLGIWGCSGKLICTTAVPWNSSWSNKSQQEIWDNMTWMQWDKEISNYTDTIYRLLEDSQNQQERNEKDLLALDSWKNLWSWFDITNWLWYIKIFIMIIGGLIGLRIIFAVLSIVNRVRQGYSPLSFQILTPNPGGPGRLRRIEEEGGEQDKTRSIRLVNGFLALAWDDLRNLCLFSYHRLRDFILLTARGVELLGRNSLRGLQKGWEALKYLGSLVQYWGLELKKSAISLFDTIAIAVAEGTDRIVNIAQGICRAIRNIPRRIRQGFEAALL,08_BC,0,0.429,0,397,4
74,C2101_C1,MRVEGTQMNWLNLWRWGTLIIGLVIMCSASDNLWVTVYYGVPVWRDADTTLFCASDAKTHVTEVHNVWATHACVPTDPNPQEIHLGNVTENFNMWKNKMAEQMQEDVISLWDQSLKPCVRLTPLCVTLNCTSANLTNVNNITYAPGIEKITDEVRNCSFNMTTEIKDKKQKVSALFYKLDIVQINSSKNSSEYRLINCNTSVIKQACPKISFDPIPIHYCTPAGYAILKCNDKSFNGTGPCKNVSSVQCTHGIKPVVSTQFLLNGSLAEEEIIIRSENLTNNAKIIIVHLNKSVEINCTRPFNNTRTSVHIGPGQVFYRTGDIIGDIRAVYCEINETQWNETLKQVTRKLEEHFNKTIIFQPPSGGDLEITMHHFNCRGEFFYCNTSKLFNTTNGTIAGSNGTIILPCRIKQIVNMWQGAGQAMYAPPISGRINCVSNITGILLTRDGGNNNTNETFRPAGGNIKDNWRSELYKYKVVQIEPLGIAPTKAKRRVVEREKRAVGIGAMIFGFLGAAGSTMGAASITLTVQARQLLSGIVQQQSNLLRAIEAQQHLLQLTVWGIKQLQARVLAVERYLKDQKFLGLWGCSGKIICTTAVPWNSTWSNKSYEEIWNNMTWIEWEREISNYTSQIYEILTESQNQQERNEKDLLELDKWASLWNWFDISRWLWYIKIFIIIVGGLIGLRIIFAVLSIVNRVRQGYSPLSFQIPSHHQKEADRPEGIEEGDGEQGRDRSVRLVSGFLALAWDDLRSLCLFSYRRLRDLILIATRTVELLGHSSLKGLRQGWEGLKYLGNLLIYWGQELKTSAISLFDAIAIVVAGWTDRVIEVAQGAWRAILHIPRRIRQGLERALL,01_AE,1,50.0,1,397,4
75,QH0692_42,MRVKGIRRNWQGLWRWGTMLLGMLMICRAAENLWVTVYYGVPVWKEATTTLFCASDAKAYETEKHNVWATHACVPTDPNPQEVVLGNVTENFNMWKNNMVEQMHEDIISLWDESLKPCVKLTPLCVTLNCTDEVKTSYANKTSNETYKTSNETFGEIKNCSFSVPTGIKDKVQNVYALFYKLDVIPIDDNNNSSKNNNGSYSSYRLINCNTSVITQACPKVSFEPIPIHYCAPAGFAILKCNNKTFNGTGPCTNVSTVQCTHGIRPVVSTQLLLNGSLAEEEVVIRSENFTNNAKTIIVHLKKSVEINCTRPGNNTRKSIHIGPGRAFYATGDIIGDIRQAHCNLSSVQWNDTLKQIVIKLGEQFGTNKTIAFNQSSGGDPEIVMHSFNCGGEFFYCNTTQLFNSTWEFHGNWTRSNFTESNSTTITLPCRIKQIVNMWQEVGKAMYAPPIRGQIRCSSNITGLLLTRDGGVNGTRETFRPGGGDMRDNWRSELYKYKVVKIEPLGVAPTKAKRRVVQREKRAVGTIGAMFLGFLGAAGSTMGAASITLTVQARQLLSGIVQQQNNLLRAIEAQQHMLQLTVWGIKQLQARVLAVERYLRDQQLLGIWGCSGKLICTTAVPWNASWSNKSQDYIWNNMTWMQWDKEINNYTNLIYSLLEDSQNQQEKNEHELLELDKWASLWNWFDITRWLWYIKIFIMIVGGLIGLRIVIAVVSIVNRVRQGYSPISLQTHFPAPRGPDRPEGIEEGGGDRDRDRSLRLVHGSLALIWDDLRSLCIFSYHRLRDLLLIVARVVEILGRRGWEALKYWWNLLQYWSQELKNSAVSLLDATAIAVAEGTDRIIEIIRRAFRAILHIPTRIRQGLERALL,B,1,50.0,1,397,1
77,92RW026,MRVMGIQKNCLQWWIWGILGFWMLMICSVMGNLWVTVYYGVPVWKDADTTLFCASDAKAYEKEAHNVWATHACVPTDPNPQEIPLGNVTEEFNMWKNNMVEQMHTDIISLWDQSLKPCVKLTPLCVTLNCRNANATNATVYNNTMEGEIKNCSFNITTELRDKTRKEHALFYRLDIVPLNEGNSNSTENSSDYRLINCNTSAITQACPKVSFEPIPIHYCAPAGFAILKCKDEEFNGTGPCKNVSTVQCTHGIKPVVSTQLLLNGSLAEGEVKIRSENITNNAKTIIVQLVAPVKINCTRPNNNTRRSIRIGGQAFYATGDIIGDIRKAHCNVSRSEWNNALQQVVKQLQSSKYFENKTIIFNSSSGGDLEITTHSFNCGGEFFYCNTSGLFNSTWEKNSTREANSTASNNNASNDTITLQCRIKQIINMWQRVGQAMYAPPIKGVIRCESNITGLILTRDGGNSNSTNETFRPGGGDMRDNWRSELYKYKVVKIEPLGVAPTKAKRRVVEREKRAVGIGAVFLGFLGAAGSTMGAASMTLTVQARQLLSGIVQQQSNLLRAIEAQQHLLKLTVWGIKQLQARVLAVERYLKDQQLLGIWGCSGKLICTTNVPWNSSWSNKSFSEIWDNMTWLEWDKEISNYTQIIYNLIEESQNQQEKNEQDLLALDKWASLWNWFDISKWLWYIKIFIMIVGGLIGLRIIFAVLSIVNRVRQGYSPLSFQTLIPAPRGPDRLDEIEREGGEQNRERSVRLVSGFLALAWDDLRSLCLFSYHRLRDFILIVTRTVSKGLRLGWEGLKYLWNLLLYWGRELRISAINLVDTIAIAVAGWTDRVIEIGQRLCRAILHIPRRIRQGFERALL,A1C,0,0.068,0,397,4
79,25711_2_4,MRVKGTRKSYQQWWIWAVLGFWMLMICNVGGNLWVTVYYGVPVWKEAKTTLFCASDAKGYDKEVHNVWATHACVPTDPNPQEMPLENVTENFNMWENDMVNQMHEDVISLWDESLKPCVKLTPLCVTLNCTDVNKNVSSSDTDNYKETMKERKNCTFNMTTELRDKNQKKYALFYKLDIVPLDDNDNASYRLINCNTSTLTQACPKVSFDPIPIHYCAPAGYAILKCKNKTFNGIGPCNKVSTVQCTHGIKPVVSTQLLLNGSLAEEDIVIRSENITDNAKTIIVHLNESVEIVCIRPNNNTRKSIRIGPGQTFYATGDIVGDIRQAYCNISEGKWNKTLQRVSEKLAEHFPNSTINFNSSSGGDLEITTHSFNCGGEFFYCNTSGLFNGTYMNNDTKSNDTKSNSSSIITIPCRIKQIINMWQEVGRAVYAPPIAGNITCKSNITGILLTRDGGRGEEVKNDTETFRPGGGNMKDNWRSELYKYKVVEIKPLGVAPTAAKRRVVEREKRAVGLGAVLLGFLGAAGSTMGAASITLTVQARQLLSGIVQQQSNLLRAIEAQQHMLQLTVWGIKQLQARVLAIERYLKDQQLLGIWGCSGKLICTTAVPWNSSWSNKNQTEIWDKMTWMQWDREISNYTDTIYRLLEDSQNQQEKNEKDLLELDKWQNLWSWFNITNWLWYIRIFIMIVGGLIGLRIIFAVLSIVNRVRQGYSPLSFQTLAPNPRGLDRLGRIEEEGGKEDRNRSIRLVHGFLALAWDDLRSLCLFSYHRLRDLILLIARAVELLGQRGWEALKYLAGIVQYWGLELKKSAVSLFDTIAIAVAERTDRIIGLIQGICRAICNIPRRIRQGFEAALQ,C,1,50.0,1,397,3
80,1056_10_TA11_1826,MEIRKNYQHLWRWGIMLLWLLMSCSAEEEAWVTVYYGVPVWKEAVTTLFCASDAKAYDTEVHNVWTTHACVPTDPDPQEVHMENVTEDFNMWKNNMADQMHEDIISLWDQSLKPCVKLTPLCVTLNCADWKNNTDTNTNSSVRIMEKGEIKNCSFNITTNIRDKYQKAYALFYKLDVVPIDDDNATGNNDTRNYRLISCNTSVITQACPKVSFEPIPIHYCAPAGFAILRCNNKTFSGKGQCTNVSTVQCTHGIKPVVSTQLLLNGSLAEEEVIIRSDNFSDNAKTIIVHLNSSVDINCTRPGNNTRKSITIGPGRAFYATGDIIGDIRQAHCNISGEKWNNTLKQVVKKLREQFGNKTIVFNQSSGGDPEITMHTFNCGGEFFYCNTAQLFNSTWEANSTWENDNERVGHSNKTIILQCRIKQIINMWQEVGKAMYAPPISGQIRCSSNITGLLLTRDGGNGNETNRTEVFRPGGGNMKDNWRSELYKYKVVKIEPLGVAPTRAKRRVVQREKRAVGMGALFIGFLSAAGSTMGAASMTLTVQARQLLSGIVQQQSNLLRAIEAQQHLLQLTVWGIKQLQARVLAVERYLKDQQLLGIWGCSGKLICTTTVPWNYSWSPNKTMDDIWGNMTWMQWEREIDNYTGIIYRLIEISQNQQEKNEQELLELDKWASLWNWFDITKWLWYIKIFIMIIGGLVGLRIVFTVLSIVNRVRQGYSPLSFQTRFPAPGGPDRPEGTEEEGGERDRDRSSRSADGFLAIIWVDLRSLCLFIYHSLRDLLLIVARIVGLLGRRGWELLKYWWNLLQYWSQELKNSAVSLLNATAIAVAEGTDRVIDIVQRICRAILHIPRRIRQGFERALL,B,1,50.0,1,397,1
81,Q461_E2,MRVMGIQRNYQHLWRWGTMLLGMLMTCSVTGQWVTVYYGVPVWKDAETTLFCASDAKAYETEKHNVWATHACVPTDPNPQEIRLENVTEDFNMWKNSMVEQMNEDIISLWDQSLKPCVKLTPLCVTLNCTDWTNNATSTNQTTPATSEETGVKNCSFNITTELRDKKQKVYSLFYKLDVVQISENNSSNSSNFTQYRLINCNTSAITQACPKVSFEPIPIHYCAPAGFAILKCNDSVFNGTGPCKNVSTVQCTHGIKPVVSTQLLLNGSLAERKVMIRSENITNNAKNIIVQFTKPVNITCIRPGNNTRKSVRIGPGQAFYATGDITGDIRNAHCVVNRTEWNNTLQKVVEQLREYFPNKTIIFTNSSGGDIEITTHSFNCGGEFFYCNTSKLFNSRWENNGTANMLKNDTGSNETTLILRCRIKQIINMWQRVGQAMYAPPIQGVINCTSNITGLILTRDGGGENDTETFRPGGGDMRDNWRSELYKYKVVKLEPLGVAPTMAKRRVVEREKRAVGMAAVFLGFLGTAGSTMGAASLTLTVQARQLLSGIVQQQSNLLKAIEAQQHLLRLTVWGIKQLQARVLAVERYLKDQQLLGIWGCSGKLICTTSVPWNSSWSNKTQQEIWNNTTWLQWDKEISNYTGTIYRLLEESQNQQEKNEQDLLALDKWANLWNWFDISKWLWYIKIFIMVVGGLIGLRIVFAIISVVNRVRQGYSPLSFQIPTPNPEGLDRPGRIEEGGGEQDRTRSIRLVSGFLALAWDDLRSLCLFSYHRLRDFILIVARTVELLGHSSLKGLRLGWEGLKYLGNLLSYWGQELKNSATNLLDTTAIAVAGWTDRAIEIVQRIVRAILHIPRRIRQGFERALL,A1,1,50.0,1,397,4
82,5768_4,MRVKGIKKNYQHWWRWGMMIFGLLMICSAADKLWVTVYYGVPVWKETTTTLFCASDARAYDTEVHNVWATHACVPTDPNPQEVVLGNVTENFNMWKNNMVEQMHEDIISLWDQSLKPCVRLTPLCVTLNCIDYYGNTTNSNNSSETMMEKGEIKNCSFNITTRLKDKMQKEYALFYKYDIVPIDNRVGNDTSNATSYRLTSCNTSVITQACPKVSFEPIPIHYCAPAGFAILKCNDKKFNGTGPCKNVSTVQCTHGIKPVVSTQLLLNGSLAEEEVMIRSENFTDNAKTIIVQLNETVEINCTRPNNNTRKSIHMGPGKVFYTTGEIIGDIRQAHCNINRAKWNNTLIKIVEKLRVKFNKTISFKQSSGGDPEIEMHSFNCGGEFFYCNTTQLFNSTWFNNATLNVNSNVTEGSENITLPCRIRQIVNMWQEVGKAMYAPPIQGQIRCSSNITGLLLTRDGGGSNSSNTSEEVFRPGGGNMRDNWRSELYKYKVVKIEPLGIAPTKAKRRVVQREKRTVGIGALFLGFLGAAGSTMGAASMTLTVQARQLLSGIVQQQNNLLRAIQAQQHLLQLTVWGIKQLQARVLAVERYLKDQQLLGIWGCSGKLICTTAVPWNASWSNKSLNEIWDNMTWMEWEKEIDNYTSLIYTLIEESQNQQEKNEQELLELDKWASLWNWFSITNWLWYIKIFIMIVGGSIGLRIVFAVLSIVNRVRQGYSPLSFQTRLPTPRGPDRPEGIEEEGGERDRDRSGQLVNGFLAIIWVDLRSLCLFSYHRLRDLLLIVARVVELLGRRGWEALNYWWNLLQYWSQELKKSAISLLNATAIAVAEGTDRVIEVVQRTCRAIIHIPRRIRQGLERLLL,B,1,50.0,1,397,1
83,0921_V2_C14,MRVRGILRNYPQWWIWGILGFWMICNVVGNLWVTVYYGVPVWKEAKTTLFCASDAKAYETEVHNIWATHACVPTDPNPQEMELPNVTENFNMWKNDMVDQMHEDIISLWDQSLKPCVKLTPLCVTLNCTITNSSSIMTNCTFNTTTELKDKKRKASASFYRLDIVPLNGDSNGSSSGSYRLINCNTSTLTQACPKVSFDPIPIHYCAPAGYAILKCNDETFNGTGPCHNVSTVQCTHGIKPVVSTQLLLNGSLSEGEIIIRSENLTDNVKTIIVHLNKSIEINCIRTGNNTRRSIRIGPGQTFYATGDIIGDIRKAYCNISKHIWNKTLEEVATKLGAHFINKTIKFAPPSGGDLEITTHSFNCRGEFFYCNTTQLFNNISIGRFNTSIENDTNIILPCRIKQIINMWQEVGRAMYAPPIEGNITCRSNITGILLTRDGGNGGADNSTETFRPGGGNMKDNWRSELYKYKVVEIKPLGIAPTRAKRRVVEREKRAVGIGAVFLGFLGAAGSTMGAASITLTVQARQLLSGIAQQQSNLLRAIEAQQHMLQLTVWGIKQLQARVLAIERYLQDQQLLGIWGCSGKLICTTTVPWNSTWSNKSLDNIWDNMTWMQWDKEISNYTKTIYTLLENASIQQEQNEKDLLELDKWNTLWNWFNISNWLWYIRIFIMIVGGLIGLRIIFAILSIVNRVRQGYLPLSFQTLTPNQRGPDRLERIEEEGGGQGRNRSIRLVNGFLTLAWDDLRSLCLFSYHRLRDFILIAARAAELLGHSSLRGLQRGWEALKYLGSLVQYWGLELRKSAISLLDVTAIAVAEGTDRIIEIIQRICRAIRNVPNRIRQGFEAALL,C,0,0.019,0,397,2
84,SC422_8,MRVRETRRNWQHWWKWGTMLLGMLMICSATEKLWVTVYYGVPVWKEATTTLFCASDAKAYETEKHNVWATHACVPTDPDPQEVVLGNVTENFNMWKNNMVEQMHEDIISLWDQSLKPCVKLTPLCVTLNCTDELRNGTYANVTVTEKGEIKNCSFNITTAIRDKVQKTYALFYRLDVVPIDNNHGNSSSNYSNYRLINCNTSVITQACPKVSFEPIPIHYCAPAGFAILKCNNKKFNGTGPCKNVSTVQCTHGIRPVVSTQLLLNGSLAEEEVVIRSENFTDNAKTIIVQLNDSVIINCTRPNNNTRKGITIGPGRVFYTGEIVGDIRQVHCNLSSAKWNSTLKQVVTKLREQFGNKTIVFNQSSGGDPEIVMHSFNCGGEFFFCNTTQLFNSTWNINGTWHGTTVSNKTIILPCRIKQIINMWQEVGKAMYAPPIRGQIRCSSNITGLLLTRDGGNNNSTTEIFRPGGGDMRDNWRSELYKYKVVKIEPLGIAPTKARRRVVQREKRAVGTIGAMFLGFLGAAGSTMGAASVTLTVQARLLLSGIVQQQNNLLRAIEAQQHLLQLTVWGIKQLQARVLAVERYLRDQQLLGIWGCSGRLICTTNVPWNTSWSNKSLNDIWDNMTWMEWDREINNYTSLIYNLLEDAQNQQEKNEQELLELDKWASLWNWFDITHWLWYIKIFIMIIGGLIGLRIVFAVLSIVNRVRQGYSPLSFQTHLPARREPDRPEGTEGEGGEKDRDRSVRLVHGFLALIWDDLRSLCLFSYHRLTDLLLIVTRIVGLLGRRGWEALKYWWNLLQYWSQELKNSAVSLLDTIAIAVAEGTDRVIEAVRRIFIGVLHIPRRIRQGFERALL,B,0,1.5955179526400176,0,397,0
85,ZM53_12,MRVREIPRNYQQWWIWGILGFWMLMICSVVGNLWVTVYYGVPVWREAKTTLFCASDAKAYEREVHNVWATHACVPTDPNPQEMVLENVTENFNMWKNDMVDQMQEDIISLWDQSLKPCVKLTPLCVTLNCSKLNNATDGEMKNCSFNATTELRDKKKQVYALFYKLDIVPLDGRNNSSEYRLINCNTSTITQACPKVSFDPIPIHYCAPAGYAILKCNNKTFNGTGPCHNVSTVQCTHGIKPVISTQLLLNGSTAEEDIIIRSENLTNNAKTIIVHLNESIEIECTRPGNNTRKSIRIGPGQAFFATTNIIGDIRQAYCIINKANWTNTLHRVSKKLEEHFPNKTINFNSSSGGDLEITTHSFNCGGEFFYCNTSSLFNGTYNDTDIYNSTDIILLCRIKQIINMWQEVGRAMYAPPIEGNITCSSNITGLLLTRDGGLTNESKETFRPGGGDMRDNWRSELYKYKVVEIKPLGIAPTKAKRRVVEREKRAVGLGAMFLGFLGAAGSTMGAASITLTVQARQLLSGIVQQQNNLLRAIEAQQHMLQLTVWGIKQLQARVLAIERYLKDQQLLGLWGCSGKLVCTTAVPWNSSWSNKSQEDIWNNTTWMQWDKEVSNYTKTIYKLLEKSQNQQEENEKDLLALDSWNNLWNWFDISNWLWYIKIFIMIVGGLIGLRIIFAVLSIVNRVRQGYSPLSFQTLTQNPRGLDRLGRIEEEGGEQDRDRSVRLVNGFLALFWDDLRSLCLFSYHRLRDFILIATRVVELLGRSSLKGLQRGWEALRYLGSRVQYWGLELKKSAISLFDTIAIAVAEGTDRIIELIQRSWRAIRNIPRRIRQGFETALL,C,1,50.0,1,397,3
87,BJOX002000_03_2,MRVTGIRKNYWHLWRWGTMLLGMLMICSTVGNLWVTVYYGVPVWKEATTTLFCASDAKAYDTEVHNVWATHACVPTDPDPQEMFLENVTENFNMWKNNMVDQMHEDVISLWDQSLKPCVKLTPLCVTLECKNVNSSSSDTKNGTDPEMKNCSFNATTELRDRKQKVYALFYKLDIVPLNEKNSSEYRLINCNTSTITQACPKVTFDPIPIHYCTPAGYAILKCNDEKFNGTGPCSNVSTVQCTHGIKPVVSTQLLLNGSLAEKGIVIRSENLTNNVKTIIVHLNQSVEILCIRPNNNTRKSIRIGPGQTFYATGEIIGDIRQAHCNISGKVWNETLQRVGEKLAEYFPNKTIKFNSSSGGDLEITTHSFNCGGEFFYCNTSKLFNGTFNGTYMPNVTEGNSTISIPCRIKQIINMWQKVGRAMYAPPIEGNITCKSKITGLLLERDGGPENDTEIFRPGGGDMRNNWRSELYKYKVVEIKPLGVAPTEAKRRVVERERRAVGIGAVFLGFLGVAGSTMGAASMALTVQARQLLSGIVQQQSNLLRAIEAQQHLLQLTVWGIKQLQTRVLAIERYLKDQQLLGIWGCSGKLICTTAVPWNSSWSNKSQEEIWENMTWMQWDKEISNYTDTIYRLLEDSQNQQERNEKDLLALDSWKNLWSWFDITNWLWYIRIFIMIVGGLIGLRIIFAVLSIVNRVRQGYSPLSFQTLTPNPGGPDRLGRIEEEGGKQDRDRSVRLVSGFLALAWDDLRNLCLFSYHRLRDFILVAVRVVELLGRNSLKGLQRGWEALKYLGSLVQYWGQELKKSIISLVDTIAIAVAEGTDRIIELVQRFCRGIYHIPRRIRQGFEAALQ,07_BC,1,50.0,1,397,4
88,62357_14_D3_4589,MRVREIRRNYQHLWKWGIMLLGILMICSATEKLWVTVYYGVPVWKEATTTLFCASDAKAYDTEVHNVWATHACVPTDPNPQEVDLENVTENFNMWKNNMVEQMHEDIISLWDESLKPCVKLTPLCVTLNCTNATSTNFTAKNEGGIKNCSFNITTERRGRKKTEYATFYETDLVLINDDNTTSYRLISCNTSVIKQACPKVTFEPIPIHYCAPAGFAILKCKDKKFNGTGACTNVSTVQCTHGIRPVVSTQLLLNGSLAEEEVVVRSEKFANNAKIIIVQLNESVEINCTRPNNNTRKSIHIGPGQAFYTTGAIIGDIRQAYCNISRAKWNDTLKQIAIKLREKFGNNKTIVFNQSSGGDPEVVMHISNCGGEFFYCNTTKLFNNTWNSNDTWTNTEESNETEIRLPCRIKQIINMWQEVGKAMYAPPIQGQIRCSSNITGLLLTRDGGNNTNNTEVFRPGGGDMRDNWRSELYKYKVVKIEPLGVAPTKAKRRVVQREKRAVGLGALFLGFLGAAGSTMGAASVTLTVQARQLLSGIVQQQSNLLRAIEAQQHLLQLTVWGIKQLQARVLAVERYLKDQQLLGIWGCSGKLICTTAVPWNASWSNKSLNDIWNNMTWMEWEREINNYTSLIYNLIEESQNQQEKNELELLELDKWASLWNWFDITNWLWYIKIFIMIVGGLIGLRIVFTVFSIVNRVRQGYSPLSLQTRFPAPREPDRPEGIEEEGGERDRDRSGRSVNGLLALIWDDLRNLCLFSYHRLRDLLLIVTRIVEILGRRGWEVLKYWWNLLQYWSQELKNSAVSLLNVTAIAVAEGTDRIIEVLQRTYRAILHIPVRIRQGLERALL,B,1,50.0,1,397,1
89,ZM55_28A,MRVKGMKRNWQQWWIWGILGFWMLYSGMGSLWVTVYYGVPVWKEAKTTLFCASDAKAYEREVHNVWATHACVPTDPNPQEMVLENVTENFNMWKNDMVDQMHEDIISLWDESLKPCVKLTPLCVTLNCTFITNTTEIKNCTFNMTTELRDIKQQGRALFDTLDIVPLKPPNNSSNYSEYRLISCNTSTITQACPKVSFDPIPIHYCAPAGYAILKCNNKTFNGLGPCNNVSTVQCTHGIKPVVSTQLLLNGSLAEEEIIIRSENLTNNVKTIIVHLNEPVYIVCTRPNNNTRKSMRIGPGQTFYATGDIIGDIRQAHCNISIEKWNTTLEKVKERLKKHFPNKIIKFEPSSGGDLEITTHSFNCRGEFFYCNTANLFNETFMNQTDANQTNATITLQCRIKQIINMWQGVGRAMYAPPIPGRITCNSSITGLILTRDGGENTTDNGTEIFRPGGGDMRDNWRSELYKYKVVEIKPLGIAPTEAKRRVVEREKRAVGIGAVFLGFLGAAGSTMGAASITLTVQARQLLSGIVQQQSNLLRAIEAQQHMLQLTVWGIKQLQARVLAIERYLKDQQLLGIWGCSGKLICTTNVPWNSSWSNKSLGDIWDNMTWMEWDREISNYTNIIFGLLEDSQNQQERNEKDLLALDKWNNLWNWFNITQWLWYIKIFIMIVGGLIGLRIIFAVLSIVNRVRQGYSPLSFQTLFPNPRELDRLGRIEEEGGEQDKGRSIRLVSGFLTLAWDDVRSLCLFSYHRLRDCILIVARVVELLGRSSLRGLQQGWETLKYLGSLVQYWGQELKKSAISLLDTIAIAVAEGTDRIIEIIQRICRAIRNIPRRIRQGFEAALQ,C,1,50.0,1,397,3
91,0439_V5_C1,MRVMGIQRNCQHLLRWGTLILGLIIICSTADKLWVTVYYGVPVWKDAETTLFCASDAKAYDKEKHNVWATHACVPTDPNPQEIHLENVTEEFNMWKNNMVEQMHTDIISLWDQSLKPCVKLTPLCVTLNCSHNITRLNTSSPNITGNDTNSSPNITENDTENERKNCSFNITTELRDKSKQVYSLFYRLDIVPIDGSDNSSDNSNNYRLINCNTSAITQACPKVSFEPIPIHYCAPAGFAILKCKDGNFSGKGPCKNVSTVQCTHGIKPVVSTQLLLNGSLAEEKVKIRSENISDNTKNIIVQLVQPVKINCTRPDNNTRKSIHIGPGQAFFATGAIIGKIRQAHCNVSKTEWNKALKQVVEQLRRDFGNKTIIFKNSSGGDLEITTHSFNCGGEFFYCNTSGLFNSTWLSNSTNSTDNTGTNDTITLQCRIKQIINMWQRVGQAMYAPPIPGVIRCESNITGLMLTRDGGNNATNETFRPGGGDMRDNWRSELYKYKVVKIEPLGVAPTKAKRRVVEREKRAVGIGAVFLGFLGAAGSTMGAASITLTVQARQLLSGIVQQQGNLLRAIEAQQHLLKLTVWGIKQLQARVLAVERYLRDQQLLGIWGCSGKLICTTTVPWNSSWSNKSYDDIWENMTWQQWEREISNYTDIIYRLIEDSQNQQEMNEKDLLALDKWASLWNWFDITKWLWYIKILIMIVGGLIGLRIVFAVLAIINRVRQGYSPLSFQTHTPSPRDLDRPGRIEEEDGEQDRTRSIRLVSGFLALAWDDLRSLSLFSYHRLRDFILIATRTVELLGHSSLKGLRLGWEGLKYLWNLLLYWGRELKNSAINLVDTIAIVVAGWTDRVVEIGQRFGRAILYIPRRIRQGLEGALL,A1,0,0.805,0,397,4
92,CNE53,MRVKGTLRNYQQWWIWGVLGFWMLITCKVGGNLWVTVYYGVPVWKEAKTTLFCASDAKAHETEVHNVWATHACVPTDPSPQEIVMENVTEDFNMWNNDMVNQMHEDVISLWDQSLKPCVKLTPLCVTLECRNVSSNGTYNETYNEIKNCSFNATTLLRDKPKKVYALFYRLDIVPLNGENSSGKYRLINCNTSAITQACPKVSFDPIPIHYCTPAGYVILKCNDKTFDGTGQCHNVSTVQCTHGIKPVVSTQLLLNGSLAEEEIIIRSENLTNNAKTIIVHLNESVEIICTRPNNNTRKSIRIGPGQTFYATGDIIGDIRQAHCNISESRWSKTLYNVSKKLAEHFPKKTINFTSSSGGDLEITTHSFNCRGEFFYCNTSRLFNSTYNGTYMFNGIYNTTDNASSIITIPCRIKQIINMWQEVGRAMYAPPIEGNITCNSSITGLLLVRDGGSQPNNTETFRPGGGDMRDNWRSELYKYKVVEVKPLGVAPTEAKRRVVEREKRAVGLGAVFLGFLGAAGSTMGAASMTLTVQARQLLSGIVQQQSKLLRAIEAQQHLLQLTVWGIKQLQTRVLAIERYLKDQQLLGIWGCSGKLTCTTAVPWNSSWSNKSLSEIWDNMTWMQWDKEISNYTNTIYRLLEDSQSQQERNEKDLLALDSWKNLWSWFDITNWLWYIRIFIMIVGGLIGLRIIFAVLSIVNRVRQGYSPLSFQTLTPNPGGPSRLRRIEEEGGEQDKIRSVRLVTGFLALAWDDLRNLCLFSYHRLRDLILLTARGVELLGRNSLRGLQRGWEALKYLGSLVQYWGLELKKSAISLVDTIAIAVAEGTDRIINVVQRICRAICSIPRRIRQGFEAALQ,08_BC,0,0.0594912865155288,0,397,4
93,1006_11_C3_1601,MRVMGIRRNYQHLWRWGIMLLGILMICSAAEKWVTVYYGVPVWKEATTTLFCASDAKAYDTEVHNVWATHACVPTDPNPQEIVLGNVTENFNMWKNDMVEQMHEDIISLWDQSLKPCVKLTPLCVTLNCTDDLGNNSTNNSSWDKGEMKKCSFNITTSIRGKMQKEYALFYKLDIVPIDNGKNDSTNTSYRLINCNTSVITQACPKITFEPIPIHYCAPAGFAILKCNNKTFNGTGPCTNVSTVQCTHGIKPVVSTQLLLNGSLAEEDIVIRSENFTNNAKTIIVQLKESVQINCTRPNNNTRKGIHIGPGRAFYATGQIIGDIKRAYCNISRTKWNNTLIQVVRKLREQFGNKTIVFNQSSGGDPEIVMHSFNCGGEFFYCNTTQLFNSTWNANVTANSTEGNDTLILPCKIKQIINMWQEVGKAMYAPPIQGIISCSSNITGLLLTRDGGSENRPNETFRPGGGDMRDNWRSELYKYKVVQIEPLGVAPTKAKRRVVQREKRAIGMGALFLGFLGAAGSTMGAASVTLTVQARQLLSGIVQQQNNLLKAIEAQQHLLQLTVWGIKQLQARVLALERYLKDQQLLGMWGCSGKLICTTTVPWNDSWSNKSLSDIWDNMTWMEWEREINNYTSLIYTLIQESQSQQEKNELELLALDKWASLWNWFDISKWLWYIKIFIMIVGGLIGLRIVFTVLSIVNRVRQGYSPLSFQTHLPAPRGPDRPEGIEEEGGERDRDTSRQLAAGFLALLWVDLRSLCLFLYHRLRDLLLIVARIVELLGRRGWEALKYWWNLLQYWSQELKNSAVSLFNATAIAVAEGTDRIIEAVQRTLRAIRHIPTRIRQGFERALL,B,1,50.0,1,397,1
95,92RW009,MRVMGTLMNYQNLWWGTMILGMLIICSAANNLWVTVYYGVPVWKDAETTLFCASDAKAYDPEKHNVWATHACVPTDPNPQEIHLENVTEEFNMWKNNMVEQMHTDIISLWDQSLKPCVKLTPLCVTLECNNITNVNNTVNITDDMKGEKNCSFNMTTELRDKKQRVYSLFYRLDIVQINSNSNNSSHNQYRLINCNTSAITQACPKVSFEPIPINYCAPAGFAILKCKDKKFNGTGPCKNVSTVQCTHGIKPVVSTQLLLNGSLAEEEIIIRSENITNNAKTIIVQLNETVQINCSRPNNNTRKSVHIGPGQFYATGDVIGDIRQAYCTVNGTKWNRTLQKVAEKLSHYFENITTIIFKNSSGGDLEITTHSFNCGGEFFYCTSGLFNSTWSKRNGTWQSNGTELNITLPCRIKQIINMWQRTGQAMYAPPIQGISCVSNITGLLLTRDGGNNNTTTETFRPGGGDMRDNWRSELYKYKVVKIEPLGVAPTRAKRRVVEREKRAVGLGAVFIGFLGAAGSTMGAASITLTVQARQLLSGIVQQQSNLLRAIEAQQHLLKLTVWGIKQLQARVLALERYLRDQQLLGIWGCSGKLICTTNVPWNSSWSNKTQQEIWDNMTWQQWDKEIGNYTQIIYSLIEESQNQQEKNEQDLLALDKWANLWNWFDISNWLWYIKIFIMIVGGLIGLRIIFAVLSIVNRVRQGYSPLSFQTLIPNPRGPDRLGGIEEEGGEQDRGRSIRLVSGFLALAWDDLRSLCLFSYHRLRDLLLIAARTVELLGRSSLRGLQRGWETLKYLGLVQYWGLELKRSAINLLDTTAIVVAEGTDRIIELIQRISRAIYNIPSRIRQGFEAALL,A1C,1,50.0,1,397,4
96,6095_V1_C10,MRVMGILRSCQRWWIWGILGFWMLMICRTAENSWVTIYYGVPVWKEAKTTLFCASDAKSYEAEAHNIWATHACVPTDPNPQEIELENVTENFNMWKNNMVEQMHEDIISLWDQSLKPCVKLTPLCVTLNCSNNGTTANITDSGIEIKNCSFNITTEVRDRKKQVYALFYKLDVVPLDTDTNTSNYRLINCNTSAITQACPKVTFEPIPIHYCAPAGYAILKCNDKTFNGTGPCKNVSTVQCTHGIKPVVSTQLLLNGSLAEEEVIIRSENLTNNAKIIIVQLNESVEITCMRPYNNTRQGVHIGPGRAYYTTNIIGNIRQAYCNISSKNWNKTLQQVAKKLGGLVNKTTILFKPPSGGDPEITTHSFNCGGEFFYCNTSGLFNSTWNNSMWNNMLTWNATGNDIMTLPCKIKQIINMWQGVGKAMYAPPIEGLIQCSSNITGLLLTRDGGVNNDSQSETFRPGGGDMRDNWRSELYKYKVVRIEPIGLAPTRAKRRVVEREKRAIGLGAMFLGFLGAAGSTMGAASLTLTVQARELLSGIVQQQNNLLRAIEAQQHLLQLTVWGIKQLQARVLAVESYLKDQQLLGIWGCSGKHICTTTVPWNSSWSNKSVEEIWKNMTWMEWEREIDNYTGLIYSLITESQTQQEKNEQELSQLDKWASLWNWFNITKWLWYIKIFIMIVGGLIGLRIVFAMLSLVNRVRQGYSPLSFQTLFPAPRGPDRPEETEQEGGEQDRDRSIRLVSGFLALAWDDLRSLCLFSYHRLRDLILIAARTVELLGHNSLKGLKLGWEGLKYLWNLLLYWGRELKTSAIKAFDITAIAVAGWTDRVIEIGQRIGGAVLHIPRRIRQGLERALL,A1D,0,30.000000000000004,0,397,4
98,703010217_B6,MRVTGTQRNYPRWWIWGWWIWGILGFWMLLNCNGAKDMWVTVYYGVPVWREAKTTLFCASDAKAYEREVHNVWATHACVPTDPNPQERVLENVTENFNMWKNNMVDQMHEDIISLWDESLKPCIKLTPLCVTLNCGNAIVNESTIEGMKNCSFNVTTELKDKKKKEYALFYKLDVVPLNGENNNSNSKNFSEYRLINCNTSTITQACPKVSFDPIPIHYCAPAGFAILKCNNETFNGTGPCNNVSTVQCTHGIKPVVSTQLLLNGSLAEKEIIIRSENLTNNAKIIIVHLNNPVKIICTRPGNNTRKSMRIGPGQTFYATGDIIGDIRRAYCNISEKTWYDTLKNVSDKFQEHFPNASIEFKPSAGGDLEITTHSFNCRGEFFYCDTSELFNGTYNNSTYNSSNNITLQCKIKQIINMWQGVGRAMYAPPIAGNITCESNITGLLLTRDGGNNKSTPETFRPGGGDMRDNWRSELYKYKVVEIKPLGIAPTKAKRRVVEREKRAVGMGAVFLGFLGAAGSTMGAASLTLTVQARQLLSGIVQQQNNLLRAIEAQQHMLQLTVWGIKQLQARVLAIERYLTDQQLLGIWGCSGKLICTTNVPWNNSWSNKSYEDIWGRNMTWMQWDREINNYTNTIYRLLEKSQNQQEKNEKELLELDNWKNLWSWFNISNWLWYIKIFIMIVGGLIGLRIIFAVLSIVNRVRQGYSPLSFQTLLPNPRGPDRLGGIEEEGGEQDRDRSVRLVNGFLALAWDDLRNLCLFSYRQLRDFILIVARAVQLLGHSSLRGIQRGWEALKYLGSLVQYWGLELKKSAISLLDTIAITVAEGTDRIIEVVQVIWRAILNIPRRIRQGFEAALQ,C,1,50.0,1,397,3
99,P0402_C2_11,MKVKGTQRNCQLLWKWGTLILGLVIMCNASNNLWVTVYYGVPVWEDADTPLFCASDAKAYSTESHNVWATHACVPTDPSPQEISLDNVTENFNMWKNNMVEQMHEDIISLWDESLKPCVKLTPLCVTLNCTNVNNSSATNNSMVDDREGLKNCSFNITTELRDKKKQEHALFYRLDIVPINGNSNSNSSVGDYRLINCNVSTIKQACPKMSFDPIPIHYCAPAGFAILKCRDKKFNGTGSCKNVSTVQCTHGIKPVISTQLLLNGSVAEEEIMIRSENFTNNAKNIIVQFNKTIDIMCTRPNNNTRKSISLGPGQAIYATGDIIGNIRQAHCNISGADWGNMIRNVSEKLKEIFNKTTITFKASAGGDLEITTHSFNCRGEFFYCDTSDLFNSSRFNNSSNDTNDTITLPCKIKQIVRMWQRVGQAMYAPPIAGNITCRSNITGLLLTRDGGGNNTNETETFRPAGGDMRDNWRSELYKYKVVKINPLGVAPTRARRRVVGREKRAIGMGAVLLGFLGTAGSTMGAASITLTVQVRQLLSGIVQQQSNLLRAIEAQQHLLQLTVWGIKQLQARILAVERYLKDQQLLGIWGCSGKLICTTNVPWNASWSNRSYNDIWENLTWVEWEREISNYTQQIYSLLEESQNQQEKNEQDLLALDKWASLWSWFDISNWLWYIRIFIMIVGGLIGLRIVFAVLSIINRVRKGYSPLSFQTLPHHQREPDRPGRIEEGDGEQGRDKSIRLVSGFLALAWDDLRSLCLFSYHHLRDFILIAARAVELLGRSSLKGLSLGWEGLKYLWNLLLYWGREIKNSAINLLDTVAIAVANWTDRAIEIVQRIGRAILNIPVRIRQGLERLLL,G,1,50.0,1,397,4
100,1394_C9G1,MRVRGIPRNWQQWWIWGILGFWMLMICSVLGNLWVTVYYGVPVWKEAKTTLFCASDAKAYEKEVHNVWATHACVPTDPNPQEMDLANVTENFNMWENDMVDQMHEDIISLWDQSLKPCVKLTPLCVTLECTNVTLKDTNGNSTSGNDTNVDNEKAINEDMRNCSFNVTTVVRDKKKKENALFYKVDIVPLFGDNSSMYRLINCNTSTITQACPKVTFDPIPIHYCAPAGYAILKCKDKTFNGKGPCKNVSTVQCTHGIKPVVSTQLLLNGSLAEGEIIIRSENLTNNAKTIIVHLNKSVEITCTRPGNNTRKSVRIGPGQTFYATGDIIGDIRQAHCNISKANWTNTLKRVSERLKEHFPEKTIKFEPSSGGDLEITTHSFNCRGEFFYCNTSELFNGTYNGTSENNTNEVITLQCKIKQFINMWQEIGRAMYAPPIEGNITCKSNITGLLLTRDGGGDTNETETFRPGGGDMRDNWRSELYKYKVVEIKPLGVAPTNAKRRVVQREKRAVGLGAVFLGFLGVAGSTMGAASITLTVQARQLLSGIVQQQSNLLRAIEAQQHMLQLTVWGIKQLQARVLAIERYLQDQQLLGMWGCSGKLICTTAVSWNSSWSNRTYNDIWDNMTWMQWDKEISNYTNTIYRLLEDSQNQQEKNEQDLLALDSWNNLWNWFSITNWLWYIKIFIMIVGGLIGLRIIFAVLSIVNRVRQGYSPLSFQTLTPAPRELDRLGRIEEEGGEQGRDRSIRLVSGFLTLAWDDLRSLCIFSYHRLRDFILIVARAVEILGRSSLRGLQRGWEILKYLGSLVQYWGLELKKSATSLLDTTAIAVAEGTDRIIEVVQRIGGAIRNIPRRIRQGFETALL,C,0,0.0719999999999999,0,397,2
101,CE1176_A3,MRAKGILRNYQQWWIWGILGFWMLMVCNVVGNLWVTVYYGVPVWKEAKTTLFCASDAKAYEKEVHNVWATHACVPTDPNPQEMVLENVTENFNMWKNDMVDQMHEDVISLWDQSLKPCVKLTPLCVTLTCTNTTVSNGSSNSNANFEEMKNCSFNATTEIKDKKKNEYALFYKLDIVPLNNSSGKYRLINCNTSAIAQACPKVTFEPIPIHYCAPAGYAILKCNNKTFNGTGPCNNVSTVQCTHGIKPVVSTQLLLNGSLAEKEIIIRSENLTNNAKTIIIHFNESVGIVCTRPSNNTRKSIRIGPGQTFYATGDIIGDIRQAHCNVSKQNWNRTLQQVGRKLAEHFPNRNITFNHSSGGDLEITTHSFNCRGEFFYCNTSGLFNGTYHPNGTYNETAVNSSDTITLQCRIKQIINMWQEVGRAMYAPPIAGNITCNSTITGLLLTRDGGINQTGEEIFRPGGGDMRDNWRNELYKYKVVEIKPLGIAPTKAKRRVVEREKRAVGIGAVFLGFLGAAGSTMGAASITLTVQARQLLSGIVQQQSNLLRAIEAQQHMLQLTVWGIKQLQARVLAIERYLKDQQLLGIWGCSGKLICTTNVPWNSSWSNRSQEDIWNNMTWMEWEREIDNYTHTIYSLLEESQIQQEKNEKDLLALDSWQNLWSWFSITKWLWYIKIFIMIVGGLIGLRIIFAVLSIVNRVRQGYSPLSLQTLIPNPRGPDRLGRIEEEGGEQDRDRSIRLVNGFLALAWDDLRSLCLFSYHQLRDFILVIARAVELLGQRGWEALKYLGSLVQYWGIELKKSATSLLDTTAIVVVEGTDRIIGIIQAICRALLNLPRRIRQGFEAALL,C,1,50.0,1,397,3
103,0330_V4_C3,MRVMGMQRNSRHLLLRWGIRILGMIMICRTAGQLWVTVYYGVPVWKDAETTLFCATDAKAYKTEMHNVWATHACVPTDPNPQEIMMENVTEDFNMWKNNMVEQMHTDIISLWDQSLKPCVKLTPLCVTLNCGKVKNDTRDELRNCSYNMTTELRDRRQKVFSLFYRLDIVEIENNRTNNRTNNTEYRLINCNTSAITQACPKVTFEPIPIHYCAPAGYAILKCNNESFNGTGPCKNVSTVQCTHGIKPVVSTQLLLNGSLAKDQVMIRSENITNNAKNIIVQFKGSVQINCTRPNNNTRKSVHIGPGQAFYATDIIGDIRQAHCNVSGTEWNKTLGEVVKQLRTYWNRTIIFTNSSGGDLEITTHSFNCAGEFFYCNTSGLFNSTWYTNGSTQGVTNDTIQLQCRIKQIINMWQRVGQAIYAPPIPGVINCSSSITGMILTRDGGNNNNGANGNETFRPGGGDMRDNWRSELYKYKVVRIEPLGVAPTKARRRVVQREKRAVGMGAVFLGFLGAAGSTMGAASITLTVQARQLLSGIVQQQSNLLRAIEAQQHLLKLTVWGIKQLQARVLAVERYLRDQQLLGIWGCSGKLICTTNVPWNSSWSNNKTQSEIWDNMTWLQWDKEISNYTELIYKLIEESQIQQEKNEQDLLALDKWASLWNWFDISNWLWYIKIFIMIVGGLIGLRIVFAVLSVINRVRQGYSPLSFQTHTPSPGELDRPGEIKEEGGEQGRGRSIRLVSGFLALAWDDLRSLCLFSYHRLRDFILIAARTVELLGHSSLKGLRLGWEGLKYLWNLLAYWGRELKISATNVLDTVAIAVAGWTDRVIEIGQRLCRAFLNLPRRIRA,A1,1,50.0,1,397,4
104,3817_V2_C59,MRVTGTQRNCQQWWIWIWIILGFWWMLMMCKGEKLWVTVYYGVPVWKEATTTLFCASDAKAYNPEMHNVWATHACVPTDPNPQEMVLENVTENFNMWENNMVEQMHEDIISLWDQSLKPCVKLTPLCVTLNCRNANITDITTVDKPIVGDIQNCSFNVTTEINDRKKKMHALFYRLDVVPLNKRNSSTNNNSNNESTMDYRLINCNTSAITQACPKVSFEPIPIHYCAPAGYAILKCNSKTFNGTGPCTNVSTVQCTHGIRPVVSTQLLLNGSLAEEEIIVRSENVTNNAKTIIVHLNESVQINCTRPNNNTRESIRIGPGQSLYANGDIIGDIRQAHCNISRGEWNKTLQQVAEKLGNLFNKTEIIFSPSSGGDPEITTHSFNCGGEFFYCNTTGLFNDSKWQHNNSEWEETSKRMNSPEANITLQCRIKQIVNMWQGVGRAMYAPPIRGVIKCTSNITGLLLTRDGGLNTSNNETFRPGGGDMRDNWRSELYKYKVVRIEPLGLAPTKAKRRVVEREKRAIGMGALFLGFLGTAGSTMGAASLTLTVQARQLLSGIVQQQNNLLRAIEAQQHLLQLTVWGVKQLQARILAVERYLRDQQLLGIWGCSGKHICTTTVPWNSSWSKNRTLNDIWENMTWMQWEREIDNYTVEIYRLLEESQTQQEKNEKELLELDKWASLWNWFDISNWLWYIKIFIMIVGGLIGLRIIFAVISIVNRVRQGYSPLSFQTLTPSPRAPDRPGRIEEEGGEQDRDRSVRLVSGFLAIAWDDLRSLCLFSYHLLRDFILIAARTVEILGRRGWEILKYLVGLVQYWVLELKGSAISLLDTIAIAIAGWTDRVIELGQRLCRAILNIPRRIRQGFEAALI,CD,1,50.0,1,397,4
105,X1632_S2_B10,MKVKGTQRDWHSLWNWGILILGLVIICSASNNLWVTVYYGVPVWEDADTTLFCASDAKAYSTESHNVWATHACVPTDPNPQEIYLENVTEDFNMWENNMVEQMQEDIISLWDESLKPCVKLTPLCVTLTCTNVTNVTDSVGTNSRLKGYKEELKNCSFNTTTEIRDKKKQEYALFYKLDIVPINDNSNNSNGYRLINCNVSTIKQACPKVSFDPIPIHYCAPAGFAILKCRDKEFNGTGTCRNVSTVQCTHGIKPVVSTQLLLNGSLAEGDIVIRSENITDNAKTIIVHLNKTVSITCTRPNNNTRKSIRIGPGQALYATGAIIGDTRQAHCNINGSEWYEMIQNVKNKLNETFKKNITFNPSSGGDLEITTHSFNCRGEFFYCNTSELFNSSHLFNGSTLSTNGTITLPCRIKQIVRMWQRVGQAMYAPPIAGNITCRSNITGLLLTRDGGTNKDTNEAETFRPGGGDMRDNWRSELYKYKVVKIKPLGVAPTRARRRVVEREKRAIGLGTVLLGFLGTAGSTMGAASITLTVQVRQLLSGIVQQQSNLLRAIEAQQHLLQLTVWGIKQLQARVLAVERYLKDQQILGIWGCSGKLICTTNVPWNSSWSNKSYSDIWDNLTWIQWEREISNYTQQIYTLLEESQNQQEKNEQELLALDKWASLWNWFDITNWLWYIKIFIMIVGGLIGLRIVFAVLSIINRVRKGYSPLSFQTLTRHQREPDRPGGIEEEDGEQDRDKSVRFVSGFLSPVWDDLRSLCLFSYRRLRDFILVAARTVELLGRSSLKGLRLGWEGLKYLWNLLLYWGRELKSSAINLLDTTAIAVANWTDRVIEVGQRIVRAFLHIPVRIRQGLERALL,G,1,50.0,1,397,4
106,JRFL,MRVKGIRKNYQHLWRGGTLLLGIIVICSAVEKLWVTVYYGVPVWKEATTTLFCASDAKAYDTEVHNVWATHACVPTDPNPQEVVLGNVTEKFNMWKNNMVEQMQEDIISLWDQSLKPCVKLTPLCVTLNCKDVNATNTTNGSEGTMERGEIKNCSFNITTSIRDEVQKEYALFYKLDVVPIDNNNTSYRLISCDTSVITQACPKISFEPIPIHYCAPAGFAILKCNDKTFNGKGPCKNVSTVQCTHGIRPVVSTQLLLNGSLAEEEVVIRSDNFTNNAKTIIVQLKESVEINCTRPNNNTRKSIHIGPGRAFYTTGEIIGDIRQAHCNISRAKWNDTLKQIVIKLREQFENKTIVFNHSSGGDPEIVMHSFNCGGEFFYCNSTQLFNSTWNNNTEGSNNTEGNTITLPCRIKQIINMWQEVGKAMYAPPIRGQIRCSSNITGLLLTRDGGINENGTEIFRPGGGDMKDNWRSELYKYKVVKIEPLGVAPTKAKRRVVQREKRAVGIGAVFLGFLGAAGSTMGAASMTLTVQARLLLSGIVQQQNNLLRAIEAQQRMLQLTVWGIKQLQARVLAVERYLGDQQLLGIWGCSGKLICTTAVPWNASWSNKSLDRIWNNMTWMEWEREIDNYTSEIYTLIEESQNQQEKNEQELLELDKWASLWNWFDITKWLWYIKIFIMIVGGLIGLRIVFTVLSIVNRVRQGYSPLSFQTLLPAPRGPDRPEGIEEEGGERDRDRSGRLVNGFLALIWVDLRSLCLFSYHRLRDLLLTVTRIVELLGRRGWEVLKYWWNLLQYWSQELKNSAVSLLNATAIAVAEGTDRIIEALQRTYRAILHIPTRIRQGLERALL,B,1,50.0,1,397,1
107,ZM247_V1,MRAMGIKRNCQRWLIWGILGFWVLLTYNVMGNLWVTVYYGVPVWKEAKTTLFCASDARAYEREVHNVWATHACVPTDPDPQEMELVNVTENFNMWKNDMVEQMHEDIISLWDQSLKPCVKLTPLCVTLNCTNVTVNTTSTTTNYTKEMRNCSFNITTELRDKRRNEYALFYRLDIVPLKDESHGGNYSEYRLINCNTSTITQACPKVSFDPIPIHYCAPAGYAILKCKDETFNGTGPCSNVSTVQCTHGIKPVVSTQLLLNGSLAEKEIIIRSENITNNIKTIIVQLKEPVEIRCIRPGNNTRKSMRIGPGQTFYATGEIIGDIREAHCNITKHKWNETLVNVSRALKEHFPNKSINFTSSSGGDLEITTHSFNCRGEFFYCDTSELWNSTRLWNDSALWNDTARNLNRTDLNITLHCRIKQIINMWQGVGRAIYAPPIEGNITCTSNITGLILTRDGGTGEDNKTETFRPIGGDMRDNWRSELYKYKVVEIKPLGLAPTTAKRRVVEREKRAVGMGAVLFGFLGAAGSTMGAASITLTVQARQLLSGIVQQQSNLLKAIEAQQHMLQLTVWGIKQLQARVLAIERYLRDQQLLGMWGCSGKLICTTTVAWNSSWSNKSKDDIWENMTWMQWDREISNYTDTIYKLLEESQNQQEKNEQDLLALDSWSNLWNWFSITKWLWYIKLFIMIVGGLIGLRIIFAVLSIVRRVRQGYSPLSFQTLIPNSREPDRLGRIEEEGGEQDRDRSIRLVSGFLALAWDDLRNLCLFSYHRLRDFILVTARAVELLGHSSLRGLQKGWQILKYLGGLGQYWGLEIKKSAISLLDTVAIVVAEGTDRIIELIQRTCRAICNIPTRIRQGLEAALQ,C,1,50.0,1,397,3
109,93IN905,MRVRGTLRNYQQWWIWGVLGFWMLMICNVGGNLWVTVYYGVPVWKEAKTTLFCASDAKAYEREVHNVWATHACVPTDPNPQEMVLENVTENFNMWKNDMVNQMHEDVISLWDQSLKPCVKLTPLCVTLKCKNVTYNESMQEIKNCSFNATTDLRDRKQTVQALFYKLDIVSLNEKNSSEYYRLINCNTSAITQACPKVTFDPIPIHYCTPAGYAILKCNEQTFNGTGPCHNVSTVQCTHGIKPVVSTQLLLNGSLAEREIIIRSENLTNNVKTIIVHLNQSVEIVCTRPNNNTRKSIRIGPGQTFYATGDIIGDIRQAHCNISAGKWNETLQRVGNKLAEHFPNKTIKFAPSSGGDLEITTHSFNCRGEFFYCNTSGLFNGTYNWTESNSSSIITIPCRIKQIINMWQEVGRAMYAPPIEGNITCKSNITGLLLVRDGGTEANTTETFRPGGGDMRNNWRSELYKYKVVEIKPLGVVPTEAKRRVVEREKRAVGIGAVFLGFLGAAGSTMGAASITLTAQARQLLSGIVQQQSNLLRAIQQLLQLTVWGIKQLQTRVLAIERYLKDQQLLGIWGCSGKLICTTAVPWNSSWSNRSQEEIWNNMTWMQWDREISNYTNTIYRLLEDSQNQQEKNEKDLLALDSWKNLWSWFDITNWLWYIKIFIMIVGGLIGLRIIFAVLSIVNRVRQGYSPLSFQTLTPNPGGHDRLGRIEEEGGEQDKNRSIRLVNGFLALAWDDLRNLCLFSYHRLRDFILVIARVVELLGRNSLRGLQKGWEGLKYLGSLVQYWGLELKKSAISLFDIIAIAVAEGTDRIIELVQGICRAIRNIPRRIRQGFEAALL,C,0,0.011,0,397,2
110,TZBD_02,MRVRGRLRNWQQWWIWMWARLGFWLFMICNVVIGNLWVTVYYGVPVWKDAKTTLFCASDAKAYEKEVHNVWATHACVPTDPNPQEIVLGNVTEDFNMWENDMVDQMHEDIISLWDQSLKPCVKLTPLCVTLNCTNVNVTRGNNTQGYNTNSNNTDGGMRNCSFNITTELRDKKKKEYALFYKLDIVPLNVSTKEYRLINCNTSTVTQTCPKVSFDPIPIHYCAPAGYAILKCNNKTFTGTGPCLNVSTVQCTHGIKPVVSTQLLLNGSLAEEEIIIRSKNLTNNVNTIIVHLNESVEIVCTRPNNNTRKSIRIGPGQTFYATDIIGDIRQAYCNISKDDWNKTLQEVGRKLEEHFPNKTIEFKPSSGGDLEITTHSFNCRGEFFYCNTSGLFNSTYNSAYKSNDTTNSTITLPCRIKQIVNMWQEVGRAMYAPPIAGNITCKSNITGLLLVRDGGGESNETEIFRPGGGDMRDNWRSELYKYKVVEVKPLGIAPTEAKRRVVKRDKRAVGIGAMFLGFLGAAGSTMGAASMTLTVQARQVLSGIVQQQSNLLRAIEAQQHMLQLTVWGIKQLQARVLAIERYLKDQQLLGIWGCSGKLICTTAVPWNSSWSNISQKIIWENMTWMEWDKEISNYTNTIYSLLEESQSQQEKNEKELLALDSWKNLWNWFDISNWLWYIKLFIMIVGGLIGLRIIFAVLSIVNRVRQGYSPLSFQTLTPNPRELDRLGRIEEEGGEQDRGRSIRLVNGFLALAWDDLRSLCLFLYHRLRDFILIVTRGVELLGRSSLRGLQKGWEALKYLGSLVQYWGLELKKSAISLFDAFAIAVAEGTDRIIEVIQRICRAICNIPRRIRQGFEAALQ,C,0,0.052,0,397,2
111,T251_18,MRVMGTQRNYPLLWKWGMIIFWIMIICNAKELWVTVYYGVPVWKDAETTLFCASDAKAYDTEVHNVWATHACVPTDPDPQEMYLENVTENFNMWKNNMVEQMHEDIISLWDQSLKPCVKLTPLCVTLLCKDVNNSTNKTTIYKEMNGEIKNCSFNMTTELKDKTKKMYALFNRYDVVQISEQNNSQSDNSTDREYMLTSCNASTITQACPKVTFEPIPIHYCAPAGFAILKCRDKGFNGTGPCKNVSTVQCTHGIKPAVSTQLLLNGSLAEENITIRSENITNNAKTIIIQLKKPVNITCIRPGNNTRKSVRIGPGQTFYATGDIIGDIRQAHCNVSRGKWNNTLNQVATQLRKYFNNNTAIIFTNSSGGDSEITTFSFNCAGEFFYCNTSGLFNSTWYSNSTNSSNHTNGTDDITLQCRIKQIVNMWQRVGQAMYAPPIRGEIRCESNITGILLTRDGGNNGSKANETFRPGGGDMRDNWRSELYKYKVVKIEPIGIAPTHAKRRVVEREKRAVGLGAFFLGFLGVAGSTMGAASMTLTVQARHLLSGIVQQQSNLLKAIEAQQQLLRLTVWGIKQLQARVLALERYLRDQQLLGIWGCSGKLICTTTVPWNSTWSNKTYNDIWDNMTWLQWDKEINNYTETIYWLLEQSQHQQEKNEQELLSLDKWASLWNWFGITNWLWYIKIFIMIVGGLIGLRIVFTVLSIINRVRQGYSPLSFQTLLHHQREPDRPERIEKGGGEQDRGRSVRLVSGFLALAWDDLRNLCLFSYHRLRDLALIVARSVELLGHSSLKGLRLGWEALKYLWNILSYWGRELKNSAINLLDTTAIATANWTDRVIEIGQRLGRAILNIPRRIRQGAERALL,02_AG,1,50.0,1,397,4
112,CH119_10,MRVTGIRKNYRHLWRWGTMLLGMLMICSAVGNLWVTVYYGVPVWKEATTTLFCASDAKAYDTEVHNVWATHACVPTDPSPQELVLENVTENFNMWKNEMVNQMHEDVISLWDQSLKPCVKLTPLCVTLECSKVSNNETDKYNGTEEMKNCSFNATTVVRDRQQKVYALFYRLDIVPLTEKNSSENSSKYYRLINCNTSAITQACPKVSFEPIPIHYCTPAGYAILKCNDKTFNGTGPCHNVSTVQCTHGIKPVVSTQLLLNGSLAEGEIIIRSENLTNNVKTILVHLNQSVEIVCTRPNNNTRKSIRIGPGQTFYATGDIIGDIRQAHCNISKWHETLKRVSEKLAEHFPNKTINFTSSSGGDLEITTHSFTCRGEFFYCNTSGLFNSTYMPNGTYLHGDTNSNSSITIPCRIKQIINMWQEVGRAMYAPPIEGNITCKSNITGLLLVRDGGTESNNTETNNTEIFRPGGGDMRDNWRSELYKYKVVEIKPLGVAPTAAKRRVVEREKRAVGIGAVFLGFLGVAGSTMGAASMTLTVQARQLLSGIVQQQSNLLRAIEAQQHLLQLTVWGIKQLQTRVLAIERYLKDQQLLGIWGCSGKLICTTAVPWNSSWSNKSQKEIWDNMTWMQWDKEISNYTNTIYKLLEDSQNQQESNEKDLLALDSWNNLWNWFNITQWLWYIKIFIIIVGGLIGLRIIFAVLSIVNRVRQGYSPLSFQTLTPTSGGRPDRLERIEEEGGEQDRDRSIRLVNGFLALAWDDLRNLCLFSYHRLRDFILVAARVVELLGRTSLRGLQRGWEALKYLGSLVQYWGQELKKSAISLVDTIAIVVAEGTDRIIDIVQAFCRAIYNIPRRIRQGFEAALQ,07_BC,1,50.0,1,397,4
113,6240_08_TA5_4622,MRVKGIRKNYQHLWRWGIWRWGIMLLGTLMICSATEKLWVTVYYGVPVWKEATTTLFCASDAKAYSPEKHNIWATHACVPTDPNPQELVLGNVTEDFNMWKNNMVEQMHEDIISLWDQSLKPCVKLTPLCVTLNCTDLKNSATDTNGTSGTNNRTVEQGMETEIKNCSFNITTGIGNKMQKEYALFYKLDVVPIDSNNNSDNTSYRLISCNTSVVTQACPKTSFEPIPIHYCAPAGFAILKCNNKTFSGKGPCKNVSTVQCTHGIRPVVSTQLLLNGSLAEEEIVIRSENFTNNAKTIIVQLNESVIINCTRPNNNTRKGIHIGLGRALYATGDIIGDIRQAHCNLSSKSWNKTLQQVVRKLREQFGNKTIAFNQSSGGDQEIVKHSFNCGGEFFYCDTTQLFNSTWSSNDTWNSTGVQDNNITLPCRIKQIINMWQEVGKAMYAPPIQGLISCSSNITGLLLTRDGGTNNTNATEIFRPGGGDMRDNWRSELYKYKVVKIEPLGIAPTKAKRRVVQREKRAVGLGAVFIGFLGAAGSTMGAASVTLTVQARQLLSGIVQQQNNLLRAIEAQQHMLQLTVWGIKQLQARILAVERYLKDQQILGIWGCSGKLICPTAVPWNASWSNKSLTAIWNNMTWMEWEREIDNYTGLIYSLIEESQIQQEQNEKELLELDKWASLWNWFDITKWLWYIKIFIMIVGGLVGLRIVFTVLSIVNRVRQGYSPLSFQTRLPAQRGPDRPEGIEEEGGERDRGRSNLLVDGFLAIFWVDLRNLCLFSYHRLRDLLLIVTRIVELLGRRGWEALKYWWNLLQYWGQELKSSAVSLFNAIAIAVAEGTDRAIEILQGIFRGILHIPTRIRQGLERALL,B,0,22.623,0,397,0
114,UG037_8,VMGIERNYPCWWTWGIMILGMIIICNTAENLWVTVYYGVPVWKDAETTLFCASDAKAYDTEVHNVWATHACVPTDPNPQEIYMENVTEEFNMWKNNMVEQMHTDIISLWDQSLKPCVQLTPLCVTLDCSYNITNNITNSITNSSVNMREEIKNCSFNMTTELRDKNRKVYSLFYKLDVVQINNGNNSSNLYRLINCNTSALTQACPKVTFEPIPIRYCAPAGYAILKCNDKEFNGTGLCKNVSTVQCTHGIRPVVSTQLLLNGSLAEGKVMIRSENITNNVKNIIVQLNETVTINCTRPNNNTRKSVRIGPGQTFYATGDIIGDIRQAHCNVSGSQWNRALHQVVGQLREYWNTTIIFKNSSGGDLEITTHSFNCGGEFFYCNTSGLFNSNWTHNDTASMKPNDTITLPCRIKQIINMWQRVGQAIYAPPIQGVIRCESNITGLILTRDGGGNINESQIFRPGGGDMRDNWRSELYKYKVVRIEPLGVAPTKAKRRVVEREKRAVVELGAVFIGFLGTAGSTMGAASITLTVQVRKLLSGIVQQQSNLLRAIEAQQHLLKLTVWGIKQLQARVLAVERYLRDQQLLGIWGCSGKLICTTNVPWNSSWSNKSEREIWENMTWLQWDKEISNYTHIIYELIEESQKQQEKNEQELLELDKWANLWNWFDISNWLWYIKIFIMIVGGLIGLRIVFAVLSVINRVRQGYSPLSFQTLTPNPRDPDRPGRIEGEGGEQDRGRSIRLVSGFLALAWDDLRNLCLSSYHQLRDFILIVARTVELLGHSSLKGLRLGWEGLKYLGNLLLYWGRELKTSAINLFDTIAIVVAGWTDRVIEVGQRLGRAILNIPRRIRQGLERALL,A1,1,50.0,1,397,4
115,CNE40,MRVTGIRRNCRHLWRWGTMLLGMLMICSAVGNLWVTVYYGVPVWKEATTTLFCASDAKAYDTEVHNVWATHACVPADPNPQEMLLKNVTENFNMWKNEMVNQMHEDVISLWDQSLKPCVKLTPLCVTLNCTNVKINSTSNETCIDSGNNSTCNETYKEMRNCSFNATTVVRDKQQKMYALFYKLDIVPLNSGYKNSSDETYRLINCNTSAITQACPKVSFDPIPIHYCTPAGYALLKCNNKTFNGTGPCNNVSTVQCTHGIKPVVSTQLLLNGSLAEEEIIIRSENLTNNAKTIIVHLKEPVNITCERPNNNTRKSIRIGPGQTFYATGDIIGNIREAHCNISRSQWNKTLQGVGEKLAELFPNKTIVFKNSSGGDLEITTHSFNCRGEFFYCNTTDLFNSTYWSNGTYITQSNSSSINITLPCRIKQIINMWQEVGRAIYAPPIAGQITCISNITGLLLLRDGGKEANGTEIFRPGGGDMRDNWRSELYKYKVVEIKPLGVAPTKAKRRVVEREKRAVGIGAVFLGFLGAAGSTMGAASITLTVQARQLLSGIVQQQSNLLKAIEAQQHLLQLTVWGIKQLQTRVLAIERYLKDQQLLGIWGCSGKLICTTAVPWNSSWSNKSQTEIWNNMTWMQWDREINNYTDIIYRLLEESQNQQENNEEDLLALDSWKNLWNWFNITNWLWYIKIFIIIVGGLIGLRIIFTVLSVVNRVRQGYSPLSLQTLIPTPGGPDRLGRIEEEGGEQDRNRSIRLVSGFLAIAWDDLRNLCLFSYHRLRDFTLVTARVVELLGRSCLKGLQRGWEALKYLGSLVQYWGQELKKSAISLLDTIAIAVAEGTDRIIELIQGLCRAIRNIPRRIRQGFEAALQ,BC,1,50.0,1,397,4
116,Q769_H5,MRAMGIQRNWQNLWRWGTMILGMILICCSAAGNLWVTVYYGVPVWRDAETTLFCASDAKAYDREAHNVWATHACVPTDPSPQEVPLGNVTEEFNMWKNNMVEQMHTDIISLWDQSLQPCVKLTPLCVTLNCSNINNIPNVNASSIPKDVKEEIKNCSFNMTTELKDKKQNVYSLFYRLDVVPLETNLKQNSSHSRYRLINCNTSAITQACPKVSFEPIPIHYCAPAGFAILKCNDKEFNGTGLCKNVSTVQCTHGIKPVVSTQLLLNGSLAEGKVMVRSENITNNAKNIIVQFNNSVQINCIRPGNNTRKSIHLGPGKVFYATNIIGDIRKAHCNVNRQQWNKALQDVATQLRTHFRNRTIIFNNSLGGDLEITTHSFNCRGEFFYCNTSGLFNSTWMLNSTLNNTWQELNSTNITLQCRIKQIINMWQRVGQAIYAPPIQGEISCESNITGLILTRDGGIINSTDTDEIFRPGGGDMRDNWRSELYKYKVVKIEPLGVAPTKAKRRVVEREKRAVGFGAFFLGFLGAAGSTMGAASITLTVQARQLLSGIVQQQNNLLRAIEAQQHLLKLTVWGIKQLQARVLAVERYLKDQQLLGIWGCSGKLICTTTVPWNSSWSNKSQSEIWDNMTWMQWDKEINNYTQIIYDLIEESQRQQEKNEQDLLALDKWANLWNWFDISNWLWYIKIFIMIVGGLIGLRIAFAVLSVINRVRQGYSPLSFQTHTPNPRDLDRPGRIEEEGGEQDRDRSIRLVSGFLALAWDDLRSLCLFSYHRLRDFILIAARTVGLLGHSSLKGLRRGWEGLKYLGNLLSYWGRELKISAINLLDTIAIAVAEWTDRIIEIGQRLCRAIINIPRRIRQGFERALL,A1,1,50.0,1,397,4
117,231965_C1,MRVREIQRNYQYLWRWGTMLLGMLMTYSVAEQFWVTVYYGVPVWKEASTTLFCASDAKAYEAEAHNIWATHACVPTDPNPQEIEIKNVTENFNMWKNDMVEQMHEDIISLWDQSLQPCVKLTPLCVTLNCSDLDNSNKGNATNTTVASEAGMNTTVAPEAGMKNCSFNITTEVKDKKKLVYAHFYNLDVVQLDGNTNSYRLIHCNTSAITRACPKITFEPIPIHYCAPAGFAILRCNNKMFNGTGPCNNVSTVQCTHGIKPVVSTQLLLNGSLAEEGVIIRSENLTDNTKTIIVQLNESVIINCTRPNNNTRQGVHIGPGQALFTNRVIGNIRLAYCNISRKDWNKTLRQVAEKLGNLYNKTKIIFEPSSGGDPEIVTHSFNCGGEFFYCSTSKLFNETIDLNNTYNASIENNTIITLPCRIKQIINMWQGVGKAIYAPPIEGLIKCTSNITGILLTRDGGRDNSSSNETFRPGGGDMRDNWRSELYKYKVVKIEPIGLAPTKAKRRVVEREKRAIGLGAMFLGFLGAAGSTMGAASVTLTVQARQLLSGIVQQQNNLLRAIEAQQHLLQLTVWGIKQLQARVLAVERYLKDQQLLGIWGCSGKLICTTTVPWNTSWSNRTQEIWDNLTWMEWEREIDNYTGLIYSLIEESQIQQEQNEKDLLELDKWASLWNWFSITNWLWYIRLFIMIVGGLIGLRIIFAVLSIVNRVRQGYSPLSFQTLLPAPRGPDRPEGIEEEGGEQGRGRSIRLVNGFSALIWDDLRNLCLFIYHRLRDLILIATRIVELLGRRGWEALKYLWNLLQYWIQELKNSAISLLNTTAIAVAEGTDRAIEIIQTVVRAILNIPTRIRQGFERALL,D,1,50.0,1,397,4
118,288_38,MRVRGIQRNCQQWWIWGLLGFWMFMICNVVGNLWVTVYYGVPVWKEASPTLFCASDAKAYDTEVHNVWATYACVPTDPNPQELVMENVTENFNMWKNDMVEQMHQDIISLWDEGLKPCVKLTPLCVTLHCSSNVTSNSNVTSNSTDASKVNKDIIGQMKNCSFNITTEVRDKNKKAYALFYRLDIVPLTADNSSGEYRLINCNTSTITQACPKVSFDPIPLHYCAPAGYAILKCNDKTFNGTGPCKNVSTVQCTHGIKPVVSTQLLLNGSIAEDKTIIRSENLTNNAKIIIVQLNEPVEINCTRPNNNTRQSIRIGPGQTFYATGEIIGDIRQAHCNISGDRWNKTLESVKERLQKQFPNKTILFAPSSGGDLEITTHSFNCRGEFFYCNTSKLFNTTGLSDNATLTIPCRIKQIINMWQEVGRAMYAPPIKGIITCRSNITGLLLTRDGGTNNTNNTETFRPGGGDMRDNWRSELYKYKVVEIKPLGVAPTGAKRAVVGREKRAALGALFLGFLGAAGSTMGAASITLTVQARQLLSGIVQQQSNLLRAIEAQQHMLQLTVWGIKQLRTRVLAIERYLQDQQLLGIWGCSGKLICPTTVPWNSSWSNKSQEEIWENMTWMQWDREISNYTGTIYRLLEVSQNQQEKNEQDLLALDKWKDLWSWFSITQWLWYIKIFIMIVGGLIGLRIIFAVLSLVNRVRQGYSPLSFQTLTPNPREPDRLRGIEEEGGEQDRDRSIRLVNGFLAIAWDDIRSLCLFSYHRLRDLILIAARAVELLGRSSLKGLQRGWEILKYLGSIVQYWGLELKKSAISLLNTTAIVVAEGTDRIIELVQRFWRAICNAPRRIRQGFEAALL,C,0,0.0569999999999999,0,397,2
120,96ZM651_02,MRVREILRNWQRWWTWGILGFWMLMICNVWGNLWVTVYYGVPVWKEAKTTLFCASDAKSYEKEVHNVWATHACVPTDPNPQEIVLGNVTENFNMWKNDMVDQMHEDIISLWDQSLKPCVKLTPLCVTLNCTEVNVTRNVNNSVVNNTTNVNNSMNGDMKNCSFNITTELKDKKKNVYALFYKLDIVSLNETDDSETGNSSKYYRLINCNTSALTQACPKVSFDPIPIHYCAPAGYAILKCNNKTFNGTGPCHNVSTVQCTHGIKPVVSTQLLLNGSLAEEGIIIRSENLTNNVKTIIVHLNRSIEIVCVRPNNNTRQSIRIGPGQTFYATGDIIGDIRQAHCNISRTNWTKTLREVRNKLREHFPNKNITFKPSSGGDLEITTHSFNCRGEFFYCNTSGLFSINYTENNTDGTPITLPCRIRQIINMWQEVGRAMYAPPIEGNIACKSDITGLLLVRDGGSTNDSTNNNTEIFRPAGGDMRDNWRSELYKYKVVEIKPLGIAPTEAKRRVVEREKRAVGIGAVFLGFLGAAGSTMGAASITLTAQARQVLSGIVQQQSNLLRAIEAQQHLLQLTVWGIKQLQTRVLAIERYLKDQQLLGLWGCSGKLICTTAVPWNISWSNKSKTDIWDNMTWMQWDREISNYTNTIYRLLEDSQSQQEQNEKDLLALDSWNNLWNWFDITKWLWYIKIFIMIVGGLIGLRIIFAVLSIVNRVRQGYSPLSFQTLIPNPREPDRPGRIEEEGGEQDKERSVRLVSGFLALAWDDLRSLCLFSYHRLRDFILVTARAVELLRRSSLKGLQRGWEALKYLGSLVQYWGLELKKSAISLLDTIAIAVAEGTDRIIELIQGICRAIRNVPRRIRQGFETALL,C,1,50.0,1,397,3
123,BG505_W6M_C2_T332N,MRVMGIQRNCQHLFRWGTMILGMIIICSAAENLWVTVYYGVPVWKDAETTLFCASDAKAYETEKHNVWATHACVPTDPNPQEIHLENVTEEFNMWKNNMVEQMHTDIISLWDQSLKPCVKLTPLCVTLQCTNVTNNITDDMRGELKNCSFNMTTELRDKKQKVYSLFYRLDVVQINENQGNRSNNSNKEYRLINCNTSAITQACPKVSFEPIPIHYCAPAGFAILKCKDKKFNGTGPCPSVSTVQCTHGIKPVVSTQLLLNGSLAEEEVMIRSENITNNAKNILVQFNTPVQINCTRPNNNTRKSIRIGPGQAFYATGDIIGDIRQAHCNVSKATWNETLGKVVKQLRKHFGNNTIIRFANSSGGDLEVTTHSFNCGGEFFYCNTSGLFNSTWISNTSVQGSNSTGSNDSITLPCRIKQIINMWQRIGQAMYAPPIQGVIRCVSNITGLILTRDGGSTNSTTETFRPGGGDMRDNWRSELYKYKVVKIEPLGVAPTRAKRRVVGREKRAVGIGAVFLGFLGAAGSTMGAASMTLTVQARNLLSGIVQQQSNLLRAIEAQQHLLKLTVWGIKQLQARVLAVERYLRDQQLLGIWGCSGKLICTTNVPWNSSWSNRNLSEIWDNMTWLQWDKEISNYTQIIYGLLEESQNQQEKNEQDLLALDKWASLWNWFDISNWLWYIKIFIMIVGGLIGLRIVFAVLSVIHRVRQGYSPLSFQTHTPNPRGLDRPERIEEEDGEQDRGRSTRLVSGFLALAWDDLRSLCLFCYHRLRDFILIAARIVELLGHSSLKGLRLGWEGLKYLWNLLAYWGRELKISAINLFDTIAIAVAEWTDRVIEIGQRLCRAFLHIPRRIRQGLERALL,A1,0,2.234,0,397,4
124,ZM215_8,MRVMGILRNCQQWWIWGILGFWMICNVVGNLWVTVYYGVPVWKEAKATLFCASDAKAQETEVHNIWATHACVPTDPNPQEMILENVTENFNMWKNDMVDQMHEDVISLWDQSLKPCIKLTPLCVTLNCTNATYNGSTIEDVRNCSFNATTEVKNKKQEVNALFNLLDIVPIKSSIYRLTNCNTSAITQACPKVTFDPIPIHYCAPAGYAILKCNNKTFNGKGPCNNVSTVQCTHGIKPVVSTQLLLNGSLAEEDIIIRSENLTNNVKTIIVHLKEPVEIVCTRPGNNTRKSVRIGPGQTFYATGAIIGDIRKAHCNISKKAWNDTLHKVEGKLRELYNKSIKFEPSSGGDLEITTHSFNCRGEFFYCNTTKLFHEGSRKNDNDTITLPCRIKQFINMWQEVGRAMYAPPIAGNITCNSSITGILLVRDGGTNNTNETFRPGGGDMRDNWRSELYKYKVVEIQPLGIAPTKAKRRVVEREKRAVGLGAVFLGFLGAAGSTMGAASITLTAQARQLLSGIVQQQSNLLRAIEAQQHMLQLTVWGIKQLQARVLAIERYLQDQQLLGIWGCSGKLICTTAVPWNSSWSNRSQADIWENMTWMQWEKEISNYTNTIYWLLEDSQIQQEKNEKDLLALDSWKNLWNWFNMTNWLWYIKIFIMIVGGLIGLRIIFAVLSIVNRVRQGYSPLSFQTLIPNPRGPDRLERIEEEGGEQDKDRSIRLVNGFLALAWDDLRSLCIFSYHRLRDFMLVTARAVELLGRSSLRGLQRGWTALKYLGSLVQYWGQELKKSAISLLDTVAIAVAEGTDRIIELVQRICRGILHIPTRIRQGLEAALQ,C,0,0.51,0,397,2
125,ZM197_7,MRVMGILRNWQQWWIWGILGFWMLMICNMEQLWVTVYYGVPVWKEAKATLFCASDAKAYEKEVHNVWATHACVPTDPNPQEIPLGNVTENFNMWKNDMADQMHEDIISLWDQSLKPCVKLTPLCVTLNCSDATSNTTKNATNTNTTSTDNRNATSNDTEMKGEIKDCTFNITTEVRDRKTKQRALFYKLDVVPLEEEKNSSSKNSSYKEYRLISCNTSTITQACPKVSFDPIPIHYCAPAGYAILKCNNKTFNGTGPCHNVSTVQCTHGIKPVVSTQLLLNGSLAEEEIIIRSENLTDNTKTIIVHLNESVEIECVRPNNNTRKSVRIGPGQTFFATGEIIGDIRQAHCDLSKSNWTTTLKRIEKKLKEHFNNATIKFESSAGGDLEITTHSFNCRGEFFYCNTSGLFNSSLLNDTDGTSNSTSNATITLPCRIKQIINMWQEVGRAMYASPIAGIITCKSNITGLLLTRDGGNKSAGIETFRPGGGNMKDNWRSELYKYKVVEIKPLGIAPTSAKRRVVEREKRAAGIGAVILGFLGAAGSTMGAASVMLTVQARQLLSGIVQQQSNLLRAIEAQQHMLQLTVWGIKQLQTRVLAIERYLKDQQLLGLWGCSGKLICTTAVPWNTSWSNKSKDEIWDNMTWMQWDREIDNYTQVIYQLLEVSQNQQEKNENDLLALDKWNSLWSWFDITKWLWYIKIFIMIVGGLIGLRIIFAVLSVVNRVRQGYSPLSFQTLIPNPRGPDRPGGIEEEGGEQDKNRSTRLVSGFLALVWDDLRSLCLFSYHRLRDFILIAARAVELLGRSSLEGLQWGWETLKYLRNLVQYWGLELKQSAINLLDTIAIQVAEGTDRIIELIQRIFRAICNIPTRIRQGFEAALQ,C,1,50.0,1,397,3
127,CNE14,MRVTGIRKNYQHLWRWGTMLLGMLMICSAVENLWVTVYYGVPVWKDATTTLFCASDAKAYDTEVHNVWATHACVPTDPNPQEVVLGNVTENFNMWKNNMVEQMHEDIISLWDQSLKPCVKLTPLCVTLNCANLGNTTNTSSNTSSTTEGGEIKNCSFNINTNIRTKVKDYALFYKLDVVPIDNDNTSYRLRHCNTSVITQACPKVSFEPIPIHYCTPAGFAILKCNNKTFNGTGPCTNVSTVQCTHGIRPVASTQLLLNGSLAEEEVVIRSSNFTNNARVIIVQLNESVEINCIRPNNNTRKSIPLGQGRAWYTTGQIIGDIRQAHCNLSRTKWNDTLKQITEKLREQFGNKTIIFNQSSGGDPEIVMHSFNCGGEFFYCNTSQLFNSTWNASSTWNDTTENITLPCRIKQIVNMWQEVGKAMYAPPIRGQIRCSSNITGLLLTRDGGDNENTTTETFRPGGGDMRDNWRSELYKYKVVKIEPLGVAPTKAKRRVVQREKRAVGTIGAMFLGFLGAAGSTMGAASITLTVQARQMLSGIVQQQRNLLRAIEAQQHLLQLTVWGIKQLQARVLAVERYLKDQQLLGIWGCSGKLICPTAVPWNVSWSNKSLGEIWNNMTWMEWEREIGNYTRQIYTLIEESQNQQEKNELELLELDKWASLWNWFDITKWLWYIKIFIMIVGGLVGLRIVFAVLSIVNRVRQGYSPLSLQTRFPTQRGPGRPEGIEEEGGERDRDRSERLVNGFLTLFWEDLRNLCLFSYHRLRDLLLIVARIVELLGRRGWEALRYWWNLLQYWIQELKNSAVSLLNATAIAVAEGTDRVIEVAQRTYRAILNIPRRIRQGLERALL,B,0,0.1169999999999999,0,397,0
128,X2088_C9,MRARGTQRNWQHLWKGGTLILGLVIICSASNNLWVTVYYGVPAWEDADTTLFCASDAKAYSTEKHNVWATHACVPTDPDPQEIPLENVTENFNMWKNNMVEQMHEDIISLWDESLKPCVMLTPLCVTLNCSAVNGTMNEQMKNCTFNITTEIRDKKKEEYALFYKLDIEQISKTANSTTANSNYSSYRLINCNVSTIKQACPKVTFEPIPIHYCAPAGFAILKCRDEDFNGTGPCKNVSTVQCTHGIKPVVSTQLLLNGSLAKGDIVIRSENLTNNAKVIIVQLNEPVQIVCIRPNNNTRRSIHLGPGRAFYATDIIGDIRQAHCNVTRGKWVNITKNVKEQLWKIFNKTTNITFNNTIFNSPAGGDLEITTHSFNCGGEFFYCNTSDLFNETNLSANHTDTNENITLQCRIKQIVRMWQRVGQAMYAPPIAGNITCISNITGLLLTRDGVNDTHDKENETFRPTGGDMRDNWRSELYKYKVIKLKPLGVAPTRARRRVVERGKREVTLGALFLTFLGAAGSTMGAASLTLTVQARQLLSGIVQQQSNLLRAIEAQQHLLQLTVWGIKQLQARVLAVERYLKDQQLLGIWGCSGKLICTTNVPWNTSWSNKNLSEIWDNMTWIQWDREIDNYTQTIYSLLAESQIQQEKNEQDLLTLDSWASLWNLLDISHWLGYIRIFIMIVGGLIGLRIIFAVLSIVNRVRQGYSPLSFQTLTPHQREPDRPERIEGGGGEQDKDRSIRLVSGFLALAWDDLRSLCLFSYHRLRDFILIAARTVELLGHSSLKGLRLGWEGLKYLWNLLLYWGQELKNSANSLIDTIAIAVGNWTDRAIEIIQRAWRAILNIPRRIRQGLERALL,G,0,0.0143318305301538,0,397,4
129,001428_2_42,MRVRGILRNYQQWWMWGVLGFWMLMICNGVENLWVTVYYGVPVWKEARTTLFCASDAKAYETEVHNVWATHACVPTDPNPQEMVLGNVTENFNMWKNDMVDQMHEDVISLWAQSLKPCVKLTPLCVTLECTQVNATQGNTTQVNVTQVNGDEMKNCSFNTTTEIRDKKQKAYALFYRLDLVPLERENRGDSNSASKYILINCNTSAITQACPKVNFDPIPIHYCTPAGYAILKCNNKTFNGTGSCNNVSTVQCTHGIKPVVSTQLLLNGSLAEEEIIIRSENLTDNVKTIIVHLDQSVEIVCTRPNNNTRKSIRIGPGQTFYATGDIIGNIREAHCNISEKKWHEMLRRVSEKLAEHFPNKTIKFTSSSGGDLEITTHSFNCRGEFFYCNTSGLFNSTYMPNGTYMPNGTNNSNSTIILPCRIKQIINMWQEVGRAMYAPPIAGNITCNSNITGLLLVRDGGKNNNTEIFRPGGGDMRDNWRSELYKYKVVEIKPLGVAPTRAKRRVVEREKRAVGLGAVFLGFLGAAGSTMGAASITLTVQARQLLSGIVQQQSNLLQAIEAQQHLLQLTVWGIKQLQTRVLAIERYLKDQQLLGIWGCSGKLICTTAVPWNSSWSNKSLTDIWDNMTWMQWDREVSNYTGIIYRLLEDSQNQQERNEQDLLALDSWKNLWSWFDISNWLWYIKIFIMIVGGLIGLRIIFAVLSIVNRVRQGYSPLSFQTLTPNPTGPDRLGRIEEEGGEQDRDRSVRLVNGFLALAWDDLRSLCLFCYHRLRDFILVIARAVELLGRSSLRGLQRGWEALKYLGSIVQYWGLELKKSAISLLDVIAIAVAEGTDRIIDLVLRTCRAIRNIPRRLRQGFETALL,C,0,0.0358741378659247,0,397,2
131,CE2010_F5,MRVMGILRNYQQWWIWGILGFWMVMICNVVGNNNLWVTVYYGVPVWREAKTTLFCASDAKAYEREVHNVWATHACVPTDPSPQELELPNVTENFNMWKNDMVDQMHEDIINLWDQSLKPCVKLTPLCVTLFCGNVNITKSNASSSDNSNNGTAEKIINEVMRNCSFNVTTEVRDKEKKEYALFYRLDIIPIDKKNNNDNTSDDTSEYRLINCNTSTITQACPKVSFDPIPIHYCAPAGFAILKCNNKTFDGKGPCNNVSTVLCTHGIKPVVSTQLLLNGSLAEQEIVIRSENISNNAKTIIVHLNESVEIECIRPGNNTRKSVRIGPGQAFYATGDIIGNIRQAHCTINATKWNETLIKVGEKLYKQFNNKTIIFAPSSGGDLEITTHSFNCGGEFFYCNTSKLFNSTYPNNSTDNTSDTITLQCRIKQIINMWQEVGRAMYAPPIAGNITCRSNITGLLLTRDGGGKTNSTNETFRPLGGDMRDNWRSELYKYKVVEIKPLGLAPTKAKRRVVDREKRAVGMGALFLGFLGVAGSTMGAASMTLTVQTRQLLSGIVQQQSNLLRAIEAQQHMLQLTVWGIKQLQTRVLAIERYLKDQQLLGMWGCSGKIICTTAVPWNSSWSNKSEAEIWDNMTWMQWEREIDNYTDKIYKLLEISQIQQEQNEKELLALDKWGNLWTWFSLTNWLWYIRIFIMIVGGLIGLRIIFAVLSIVNRVRQGYSPLSFQTLIPNPRGPDRPGGIEEEGGEQDRDRSVRLVNGFLSLAWDDLRSLCLFCYHQLRDFTLIAARAVEILGRRGWEALKYLGSLVQYWGLELKKSAISLLDTIAITVAEGTDRIIEIVQRICRAIISIPRRIRQGFEAALQ,C,1,50.0,1,397,3
132,CNE58,MRVRGTLRNCQQWWIWGVLGFWMLMICNVGGNMWVTVYYGVPVWKEAKTTLFCASDAKAYETEVHNVWATHACVPTDPNPQEMVLENVTENFNMWKNEMATQMHEDVISLWDQSLKPCVKLTPLCVTLDCKNVTLNCGNDTSGNDTLECEKGTNNETYDESVKELRNCSFNATTEVRDKKQKKYALFYSLDIVPLKNSSEQYRLISCDTSAITQACPKVTFDPIPIHYCTPAGYAILKCNNKTFNGTGPCNNVSTVQCTHGIKPVVSTQLLLNGSLAEEEIIVRSENITNNVKTIIVHLNQSVEIVCTRPNNNTRKSIRIGPGQTFYATGEIIGDIRQAHCNITKSNWHKTLQEVSKKLAGYFPNKTIIFNSSSGGDLEITTHSFNCRGEFFYCNTSSLFNSTYMSNGTYMFNDMSNGTERNSSSIIAIPCRIKQVINMWQEVGRAMYAPPIAGKLTCRSNITGLLLVRDGGTNNATTETFRPGGGDMRNNWRSELYKYKVVEIKPLGVAPTEAKRRVVEREKRAVGIGAVFLGFLGAAGSTMGAASITLTVQARQLLSGIVQQQSNLLRAIEAQQHMLQLTVWGIKQLQTRVLAIERYLKDQQLLGIWGCSGKLICTTAVPWNSSWSNKSHEEIWNNMTWMQWDREISNYTNIIYNLLEESQNQQERNEKDLLALDSWKNLWNWFNITNWLWYIKLFIMIVGGLIGLRIIFAVLSIVNRVRQGYSPLPFQIRTPNPGGPDRLGRIEEDGGEQDKDRSIRLVSGFLALAWDDLRSLCLFSYHRLRDFILVTARVVELLGRSSLRGLQKGWEALKYLGSLVQYWGLELKKSATSLFDTIAIAVAEGTDRIIELGLSICRAIRHIPRRIRQGFEAALQ,C,1,50.0,1,397,3
133,DRVI01_0803_14,MRVMGIRKNYQHFWRWGTMLLGMLMISSAAENLWVTVYYGVPVWKEAITTLFCASDAKAYDTEAHNVWATHACVPTDPDPQEVDLINVTENFNMWKNNMVEQMHEDIISLWDQSLKPCVKLTPLCVILNCTNYNNISSNASSTIEGGEMKNCSFNVTTSINTKVKDYALFYNLDIVQIGNDSNSYRLINCNTSVITQACPKISFEPIPIHYCAPAGFGIIKCKDKKFNGTGPCTNVSTVQCTHGIRPVVSTQLLLNGSLAEEEIVIRSSNFSKNDKIIIVQLNEAVEINCTRPNNNTRKSIHLGQGRAWYATGEIIGDIRQAHCNISRAKWNNTLRQIVKKLREQFVNKTIIFNRSAGGDPEIVMHSFNCGGEFFYCNTTQLFNSTWNETSTWNETNTENGTITLPCRIKQIINMWQEVGKAMYAPPISGPIRCSSNITGLLLTRDGGNETNTTTETFRPGGGNMKDNWRSELYKYKVVRIEPLGVAPTKAKRRVVQREKRAALGAMFLGFLGAAGSTMGAASITLTVQARQLLSGIVQQQRNLLRAIEAQQHLLQLTVWGIKQLQARVLAVERYLKDQQLLGIWGCSGKLICTTAVPWNASWSNKSQSEIWDTMTWMEWEKEIENYTSTIYTLIEKSQNQQEKNELELLELDKWASLWNWFDITKWLWYIKIFIMIVGGLVGLRIIFAVLSIVNRVRQGYSPLSFQTRFPAQRGPDRPEGIEEEGGEQDRGRSERLVNGFLTLFWEDLRNLCLFSYHLLRDFLLIVARTVELLGRRGWEALRYWWNLLQYWIQELKNSAISLFNATAIAVAEGTDRVIEVAQRAFRAILNIPTRIRQGLERALL,B,0,0.2,0,397,0
134,CH117_4,MRVTGTRKNYRHFWRWGTMLLGMLMICSAVGNLWVTVYYGVPVWKEATTTLFCASDAKAYDTEVHNVWATHACVPTDPNPQEMVLENVTENFNMWKNEMINQMHEDVVSLWDQSLKPCVKLTPLCVTLKCRNVSDSRNGNSTYNESEQEMKNCSFNVTTILRDKKKKVDALFYKLDIVPLHKKKNSKNNSIEYYRLINCNTSAITQACPKVTFDPIPIHYCTPAGYAILKCNDKTFNGTGPCHNVSTVQCTHGIKPVVSTQLLLNGSLAEGEIIIRSENLTDNVKTIIVHLNKSVEIVCTRPNNNTRKSIRIGPGQTFYATDIIGDIRQAYCNINRTMWTQTLQRVSEKLAEHFPNKTINFTSSSGGDLEIATHSFNCRGEFFYCNTSGLFNSTYMPNGTYMHSGAESNSSLITIPCRIKQIINMWQEVGQAMYAPPIAGNITCSSNITGLLLERDGGRDINNTEIFRPGGGDMKNNWRSELYKYKVVEIKPLGVAPTTAKRRVVEREKRAVGIGAVFLGFLGVAGSTMGAASMTLTVQARQLLSGIVQQQSNLLRAIEAQQHMLQLTVWGIKQLQTRVLAIERYLKDQQLLGIWGCSGKLICPTAVPWNSSWSNKSQTEIWNNMTWMQWDKEISNYTNSIYRLLEESQNQQEKNEKDLLALDSWKNLWSWFDITNWLWYIKIFIMIVGGLIGLRIIFAVLSVVNRVRQGYSPLSFQTLTPNPGGPDRLERIEEGGGEQDKDRSIRLVSGFLALAWDDLRNLCLFSYHRLRDFILVATRVVELLGQRGWKALKYLGSLVQYWGQELKQRVIRLIDTIAIAVAEGTDRIIEAVQGFCRAIYHIPRRIRQGLEAALQ,07_BC,1,50.0,1,397,4
135,T250_4,MRVMGIQRNYPPLWRWGTMIFWMMMLCSAEKLWVTVYYGVPVWREADTTLFCASDAKGYDTEAHNVWATHACVPTDPRPQEMYLENVTENFNMWKNSMVEQMHTDIISLWDESLKPCVKLTPLCVTLDCQAFNSSSHTNSSIAMQEMKNCSFNVTTELRDKKKKEYSFFYKTDIEQINKNGRQYRLINCNTSAITQACPKVSFEPIPIHFCAPAGFAILKCNEKHFNGKGPCKNVSTVQCTHGIKPVVSTQLLLNGSLAEEEVVIRVENTIDNAKTIIVQLAKPVKINCTRPNNNTRKSIRIGPGQTFYATGDIIGNIRKAYCNVSKREWNNTLQQVAAQLSKSFNNTKIVFEKHSGGDLEVITHSFVCGGEFFYCNTSGLFNSTWTNSTWTNSTTGSNGTESNDTITLQCEIKQFINMWQRVGRAMYAPPIPGVIRCESDITGLLLTRDGPNSTQNETFRPGGGDMRDNWRSELYKYKVVQIEPLGVAPTHAKRRVVEREKRAVGLGAVFFGFLGAAGSTMGAASITLTVQARQLLSGIVQQQSNLLKAIEAQQQLLRLTVWGIKQLQARVLALERYLKDQQLLGIWGCSGKLICTTTVPWNSSWSNKNYTDIWDNMTWLQWDREISNYTDEIYRLIEQSQNQQEKNEQDLLALDKWASLWNWFDITNWLWYIKIFIMIVGGLIGLRIIFTVLNVINRVRQGYSPLSFQTLTHHQREPDRPERIEEGGGEQDRDRSVRLVSGFLALAWDDLRSLCLFSFHRLRDLVLIAARGVELLGHSSLKGLRLGWEALKLLGNLLSYWGQELKNSAINLLDAVAIAVANWTDRVIKIGQRAGRAILNIPIRIRQGLERALL,02_AG,1,50.0,1,397,4
137,0077_V1_C16,MRVMGSMRNCQRWWIWGILGFWMLMTCNMEEDLWVTVYYGVPVWREAKATLFCASDAKAYEREVHNVWATHACVPTDPDPQEMALVNVTENFNMWKNDMVDQMHEDIINLWDQSLKPCVKLTPLCVTLNCTDAKFNSTQSDNGTSTVNVSTSNEMKNCSFNITTEIRDKKKKESAIFYKLDVVPLDGNGNNSGNYSEYRLINCNTSTITQACPKVSFDPIPIHYCAPAGYAILKCNNKTFNGSGPCNKVSTVQCTHGIKPVVSTQLLLNGSLAEEEIVIRSENITDNVKTIIVHLNESVEIECTRPGNNTRKSMRIGPGQIFYATGDIIGDIRQAYCNINESKWNETLQKVGKKLREHFSNKTIEFQPPSPGGDLEITTHSFNCGGEFFYCNTSRLFNGKFNGTMGNYTINSTITLPCRIKQIINMWQGVGRAMYAPPIAGNITCRSNITGILLTRDGSETNDGNTNETGTKTFKSNETETEIFRPGGGDMRDNWRSELYKYKVVEIKPLGIAPTKAKRRVVEREKRAVGIGAMFLGILGAAGSTMGAASITLTVQARQLLSGIVQQQSNLLRAIEAQQHMLQLTVWGIKQLQTRVLAIERYLKDQQLLGIWGCSGKLICTTAVPWNTSWSNRSQQDIWDNMTWMQWDREVSNYTNIIYRLLEESQNQQEKNEKDLLALDSWNSLWNWFSITNWLWYIRIFIMIVGGLIGLRIIFAVLSIVNRVRQGYSPLSFQTLTPSQREPDRPGGIEEGGGEQGRDRSTRLVSGFLPLIWDDLRSLCLFSYHRLRDFILVTARAVELLGRSSLKGLQRGWEALKYLGSLVQYWGLELKKSAISLLDTIAIQVAEGTDRIIELVQGICRAILNIPRRIRQGFEAALL,C,1,50.0,1,397,3
139,BG505_W6M_C2,MRVMGIQRNCQHLFRWGTMILGMIIICSAAENLWVTVYYGVPVWKDAETTLFCASDAKAYETEKHNVWATHACVPTDPNPQEIHLENVTEEFNMWKNNMVEQMHTDIISLWDQSLKPCVKLTPLCVTLQCTNVTNNITDDMRGELKNCSFNMTTELRDKKQKVYSLFYRLDVVQINENQGNRSNNSNKEYRLINCNTSAITQACPKVSFEPIPIHYCAPAGFAILKCKDKKFNGTGPCPSVSTVQCTHGIKPVVSTQLLLNGSLAEEEVMIRSENITNNAKNILVQFNTPVQINCTRPNNNTRKSIRIGPGQAFYATGDIIGDIRQAHCTVSKATWNETLGKVVKQLRKHFGNNTIIRFANSSGGDLEVTTHSFNCGGEFFYCNTSGLFNSTWISNTSVQGSNSTGSNDSITLPCRIKQIINMWQRIGQAMYAPPIQGVIRCVSNITGLILTRDGGSTNSTTETFRPGGGDMRDNWRSELYKYKVVKIEPLGVAPTRAKRRVVGREKRAVGIGAVFLGFLGAAGSTMGAASMTLTVQARNLLSGIVQQQSNLLRAIEAQQHLLKLTVWGIKQLQARVLAVERYLRDQQLLGIWGCSGKLICTTNVPWNSSWSNRNLSEIWDNMTWLQWDKEISNYTQIIYGLLEESQNQQEKNEQDLLALDKWASLWNWFDISNWLWYIKIFIMIVGGLIGLRIVFAVLSVIHRVRQGYSPLSFQTHTPNPRGLDRPERIEEEDGEQDRGRSTRLVSGFLALAWDDLRSLCLFCYHRLRDFILIAARIVELLGHSSLKGLRLGWEGLKYLWNLLAYWGRELKISAINLFDTIAIAVAEWTDRVIEIGQRLCRAFLHIPRRIRQGLERALL,A1,1,50.0,1,397,4
140,R2184_C4,MRVKETQMNWPNLWKWGTLILGLVIICSASDNLWVTVYYGVPVWRDADTTLFCASDAKAHETEAHNVWATHACVPTDPSPQEIHLENVTENFNMWKNNMVEQMQEDVISLWDQSLKPCVKLTPLCVTLNCTNAKLTKVSNTTDDVPSIVGNVTDEIKNCSFNMTTELRDKKQSVHALFYKLDIVPMKDPDSSNSTKYRLINCNTSVIKQACPKISFDPIPIHYCTPAGYAILKCNEKNFTGTGPCKNVSSVQCTHGIKPVVSTQLLLNGSLAEDEIIIRSENLTDNTKTIIVHLNKSVEINCTRPSNNTRTSMTIGPGQVFYRTGDIVGNIRKAYCVINGTIWNKVLKQVADKLKEHFNKTTVFQPPSGGDLEITMHHFNCRGEFFYCNTTKLFNNTCINDTRNNETEEECKNNIILPCKIKQIINMWQRVGQAMYAPPIRGSINCVSNITGILLTRDGGTNTSKNNETFRPGGGNIKDNWRSELYKYKVVQIEPLGIAPTRARRRVVEREKRAVGIGAMIFGFLGAAGSTMGAASITLTVQARQLLSGIVQQQSNLLRAIEAQQHLLQLTVWGIKQLQARVLAVERYLKDQKFLGLWGCSGKIICTTAVPWNSTWSNKSYEEIWNNMTWIEWEREISNYTNQIYEILTKSQDQQDRNEKDLLELDKWASLWNWFDITNWLWYIKIFIMIVGGLIGLRIIFAVLSIVNRVRQGYSPLSFQTPTHHQREPDRPERIEEGGGEQGRDRSVRLVSGFLALAWDDLRSLCLFSYHRLRDFILIAARTVELLGHSSLKGLRRGWEGLKYLGNLLFYWGRELKISAISLLDTTAIAVAGWTDRVIEAAQRAWRAILHIPRRIRQGLERALL,01_AE,1,50.0,1,397,4
141,REJO4541_67,MKVKGIRRNYQHLWRWGIMLLGILMICSATEKLWVTVYYGVPVWKEATTTLFCASDAKAYDQEIHNIWATHACVPTDPNPQEVELKNVTENFNMWKSNMVEQMHEDIISLWDQSLKPCVKLTPLCVTLKCTDLNVTNSNSTDHSTNSSLEAKGEIKNCSFNITTTPRDKIQKEYAIFYKQDVVPIKNDNISYRLISCNTSVITQACPKVTFEPIPIHYCAPAGFAILKCNDKGFNGTGPCTNVSTVQCTHGIRPAISTQLLLNGSLAEDKVVIRSENFTDNAKIIIVHLNETVKINCTRPNNNTRKSIHIAPGRAFYATGEIIGDIRKAYCTINESEWNNTLQKIVVTLREQFRNKTIVFNQSSGGDPEVTMHTFNCGGEFFYCNTAQLFNSSWDTNTNGNDTQGPSENNTIILPCRIKQIINMWQRVGKAIYAPPISGQIRCLSNITGLILTRDGGNSSLSSPEIFRPGGGDMRDNWRSELYKYKVVQIEPLGIAPTRAKRRAVQREKRAVGIGALFLGFLGAAGSTMGAASVTLTVQARQLLSGIVQQQSNLLRAIEAQQHLLQLTVWGIKQLQARVLAMESYLKDQQLLGIWGCSGKLICTTTVPWNTSWSNKSLDQIWNNMTWREWEKEIDNYTDLIYTLIEKSQNQQEKNEQELLELDKWASLWNWFDITNWLWYIKIFIMVVGGLVGLRIVFAVLSIINRVRQGYSPLSFQTHLPAPRGPDRPEGIGEEGGERDSDRSGRSVDGFLPLIWVDLRSLFLFSYHRLTDLLLIVTRIVELLGRRGWGILKYWWSLLQYWSQELKNSAVSLLNATAIAVAERTDRIIEIVQRVFRALLHIPRRIRQGFERALL,B,1,50.0,1,397,1
142,231966_C2,MRVMETERNYRHLWRWGIMLLGMLMTCRVTGELWVTVYYGVPVWKEATTTLFCASDAKSYKAEAHNIWATHACVPTDPNPREIVLENVTENFNMWKNNMVEQMHEDIISLWDQGLKPCVKLTPFCVTLNCTEWKNATTGNATTGNATAENATIGDIGLKNCSFNITTEVRDKKKQVYALFYKLDIVQMDNDKASTSYRLINCNTSAITQACPKVTFEPIPIHYCAPAGFAILKCNDKKFNGTGPCKNVSTVQCTHGIRPVVSTQLLLNGSLAEEEIIVRSENLTNNAKIIIVQLNKPVTIHCTRPYNNTRQSVHIGPGRAYYTTNIIGDIRQAYCNISETEWNTTLQQVANKLGNLLKLNTIIFRPSSGGDPEITTHSFNCGGEFFYCNTTRLFNSTWNTTTSNSTEQNDTRILFPCRIKQIINMWQGVGKAMYAPPIEGLIRCTSNITGLLLARDGGASNNSQTETFRPGGGDMRDNWRSELYKYKVVRIEPLGLAPTRAKRRVVEREKRAIGLGAMFLGFLGAAGSTMGAASLTLTVQARQLLSGIVQQQNNLLRAIEAQQHLLQLTVWGIKQLQARVLAVESYLRDQQLLGIWGCSGKHICTTAVPWNSSWSNKSLEEIWNNMTWMEWEKEIDNYTGLIYSLIEESQNQQEKNEQDLLQLDKWASLWNWFSITNWLWYIRIFIMIVGGLIGLRIVFAVLSLVKRVRQGYSPLSFQTLIPASRGPDRPEGIEEEGGEQGRGRSIRLVSGFSALIWDDLRNLCLFSYHRLRDLLLIATRIVELLGRRGWEAIKYLWNLLQHWIQELKNSAISLLDTAAIVVAEGTDRVIEIVRRAVRAVLHIPTRIRQGLERALL,D,1,50.0,1,397,4
143,CNE19,MRVTGIRKNCRHLWRWGTMLLGMLMICSAVENLWVTVYYGVPVWKEATTTLFCASDAKAYDTEVHNVWATHACVPTDPSPREIVLDNVTENFNMWKNEMVNQMHEDVISLWDQSLKPCVKLTPLCVTLKCKNATATSNKTNQESMEEIKNCSFNATTEVKDRKQTVYALFYRLDIVPLASGNSSKYYRLINCNTSAVTQACPKITFDPIPIHYCTPAGYALLKCKDKRFNGTGPCSNVSTVQCTHGIKPVVSTQLLLNGSLAEEEIIIRSENLTNNVKTIIVHLNKSVEIICTRPNNNTRKSIRIGPGQTFYATGSIIGDIRQAYCNISKDDWNRTLQGVGKKLAEHFQNKTIKFAASSGGDLEITTHSFNCGGEFFYCNTSGLFNSTYMPNGTESKSGLTITIPCRIKQIINMWQEVGRAMYAPPIAGSITCKSEITGLLLVRDGGKEQNDTETFRPGGGDMRDNWRSELYKYKVVEIKPLGVAPTGAKRRVVEREKRAVGIGAVFLGFLGVAGSTMGAASMTLTVQARQLLSGIVQQQSNLLRAIEAQQHLLQLTVWGIKQLQTRVLAIERYLKDQQLLGIWGCSGKLICTTAVPWNSSWSNKSQTEIWDNMTWMQWDKEISNYTNTIYRLLEDSQNQQERNEKDLLALDSWKNLWSWFDITNWLWYIKIFIIIVGGLIGLRIIFAVLSIVNRVRQGYSPLSFQIPTPNPRGPDRLGRIEEEGGEQDKDRSIRLVSGFLALAWDDLRNLCLFSYHRLRDFILVTARVVGLLGRSSLRGLQKGWEALKYLGSLVQYWGQELKKSAISLYDTIAIAVAEGTDRIIEVVQRFCRAIYNIPRRIRQGFEAALQ,07_BC,0,0.0298950056497939,0,397,4
144,DRVI01_0507_14,MRVMGIRKNYQHLWRWGTMLLGMLMICSAAENLWVTVYYGVPVWKEANTTLFCASDAKAYDTEAHNVWATHACVPTDPNPQEVDLENVTENFNMWKNNMVEQMHEDIISLWDQSLKPCVKLTPLCVTLNCTNYNNTSSNASSTTEGGEMKNCSFNVTTSIQTKVKDYALFYNLDIVQISNDSTSYRLINCNTSVITQACPKISFEPIPIHYCAPAGFAIIKCNDKMFNGTGPCTKVSTVQCTHGIRPVVSTQLLLNGSLAEEEVVIRSSNFTENARIIIVQLNKSVEINCTRPNNNTRKSIHLGPGRAWYATGEIIGDIRQAHCNISRTKWNNTLRQIVEKLREQFGDKTIIFNQSSGGDPEIVMHSFNCGGEFFYCNTTQLFNSTWYKNSTWNGTSTENDTITLPCRIKQIVNMWQEVGKAMYAPPIRGQIRCSSNITGLLLTRDGGKNKTNTTETFRPGGGDMRDNWRSELYKYKVVKIEPLGVAPTKAKRRVVQREKRAALGAMFLGFLGAAGSTMGAASITLTVQARQLLSGIVQQQRNLLRAIEAQQHLLQLTVWGIKQLQARVLAVERYLKDQQLLGIWGCSGKLICTTAVPWNASWSNKSQNEIWNNMTWMEWEREIENYTSTIYTLIEQSQNQQEKNELELLELDKWASLWNWFDITKWLWYIKIFIMIVGGLVGLRIVFAVLSIVNRVRQGYSPLSLQTRFPAQRGPDRPEGIEEEGGERDRDRSERLVNGFLTLFWEDLRNLCLFSYHLLRDFLLIVARIVELLGRRGWEALRYWWNLLQYWIQELKNSAISLFNATAIAVAEGTDRIIEVARRAFRAILNIPTRIRQGFERALL,B,0,2.02,0,397,0
145,CH070_1,MRVTGIRKNCRRLWRWGIMLLGMLMICSALENLWVTVYYGVPVWKDATTTLFCASDAKGYETEVHNVWATHACVPTDPNPQELVLGNVTENFNMWKNDMVDQMHEDVISLWDQSLKPCVKLTPLCVTLKCKDVSINNGNVSSSNGSTSHNNSSIDNETLNEGMKEMKNCSFNATTVLRDKKQKVHALFYRLDIVPLNESNKNSRKYRLINCNTSAITQACPKVTFDPIPIHYCAPAGYAILKCNNKTFNGTGPCRNVSTVLCTHGIKPVVSTQLLLNGSLAEEDIIIRSENLTNNAKTIIVHLNESVEIVCTRPGNNTRKGIGIGPGQTFYATGEIIGDIRKAHCNISKDNWTETLYRVSRKLKHFWNKTIIFAPHSGGDLEITTHSFNCRGEFFYCNTSGLFNGTLNDTYMHNSTKSNETITIPCKIRQIVRMWQQVGQAMYAPPIEGNITCKSNITGLLLVRDGGNINRTNETFRPEGGDMRDNWRSELYKYKVVEIKPLGIAPTKAKRRVVEREKRAVGLGAVFLGFLGIAGSTMGAASITLTVQARQLLSGIVQQQNNLLKAIEAQQHLLQLTVWGIKQLQARVLAIERYLKDQQLLGIWGCSGKLICTTAVAWNSSWSNKSLGEIWDNMTWMQWDKEINNYTSIIYSLLEDSQIQQEKNEKDLLALDSWNNLWNWFDITSWLWYIRLFIMIVGGLIGLRIIFAVLSIVNRVRQGYSPLSFQTLTPNPIPGGPDRLGRIEEEGGEQDRDRSIRLVSGFLALAWDDLRNLCLFSYHRLRDFILVTARVVELLGRSSLRGLQRGWEALKYLGSLVQYWGQELKKSAISLIDTIAITVAEGTDRIIEAVQRLCRGIYNIPRRIRQGFEAALQ,07_BC,0,0.07,0,397,4
146,3301_V1_C24,MRVKGIQRNSQHLLKWGMIILGMMIICSATEKLWVTVYYGVPVWREAKATLFCASDAKAYDTEVHNVWATHACVPTDPNPQEIILENVTENFNMWKNNMVEQMHEDIISLWDQSLKPCVKLTPLCVTLNCTDVTVNGTIVKVNSTGMKNCSFNITTEIRDKKKKESALFYRLDIVPLDESSDSSSNYSEYRLISCNTSTITQACPKVTFDPIPIHYCAPAGYAILKCNNKTFNGLGPCNNVSTVQCTHGIKPVVSTQLLLNGSLAEEEIIIRSENLTDNVKTIIVHLNDSVPITCTRPNNNTRKSMRIGPGQTFYATGEIIGDIRQAHCNITRNKWNETLERIKRKLREHFPNKTIEFKPSSGGDPEITTHSFNCNGEFFYCNTSGLFNAEEANITDITLPCRIRQIINMWQGVGRAIYAPPIAGNITCTSDITGLLLTRDGGSDGNSTKETFRPGGGDMRDNWRSELYKYKVVEIKPLGVAPTKAKRRVVEREKRAVGIGAVFFGFLGAAGSTMGAASITLTVQARQLLSGIVQQQSNLLRAIEAQQHMLQLTVWGIKQLQTRVLAIERYLKDQQLLGIWGCSGKLICTTTVPWNSSWSNKTQNDIWDNMTWMQWDREINNYTNTIYRLLEESQNQQEKNEQDLLALDKWDNLWSWFSITKWLWYIKIFIMIVGGLIGLRIIFAVLSIVNRVRQGYSPLSFQTLIPSPREPDRPGRIEEEGGEQDRNRSTRLVSGFLALAWDDLRSLCLFSYHLLRDFILIAARTVELLGRSSLRGLQRGWETLKYLGSLVQYWGLELKKSAISLFDTIAIHVAEGTDRIIELVQGICRAIYNIPVRIRQGFEAALQ,C,1,50.0,1,397,3
148,DRVI01_0507_15,MRVMGIRKNYQHLWRWGTMLLGMLMICSAAEDLWVTVYYGVPVWKEANTTLFCASDAKAYDTEAHNVWATHACVPTDPNPQEVVLKNVTENFNMWKNNMVEQMHEDIISLWDQSLKPCVKLTPLCVTLNCTNYNNTSSNASSTTEGGEMKNCSFNVTTSIQTKVKDYALFYNLDIVQISNDSTSYRLINCNTSVITQACPKISFEPIPIHYCAPAGFAIIQCNNKKFNGTGPCTNVSTVQCTHGIRPVVSTQLLLNGSLAEEEVVIRSSNFSENARIIIVQLNKSVEINCTRPNNNTRKSIHLGPGRAWYATGEIIGDIRQAHCNISRTKWNNTLRQIVEKLREQFGNKTIIFNRSSGGDPEIVMHSFNCGGEFFYCNTTQLFNSTWNESSTWTETSAENDTITLPCRIKQIINMWQEVGKAMYAPPISGQIRCSSNITGLLLTRDGGKNETNTTETFRPGGGDMRDNWRSELYKYKVVKIEPLGVAPTKAKRRVVQREKRAVTLGAMFLGFLGAAGSTMGAASITLTVQARQLLSGIVQQQRNLLRAIEAQQHLLQLTVWGIKQLQARVLAVERYLKDQQLLGIWGCSGKLICTTAVPWKAEWSNKSQSEIWDNMTWMEWEREIENYTSTIYTLIEQSQNQQEKNELELLELDKWASLWNWFDITKWLWYIKIFIMIVGGLVGLRIVFAVLSIVNRVRQGYSPLSLQTRFPAQRGPDRPEGIEEEGGERDRDRSERLVNGFLTLFWEDLRNLCLFSYHLLRDFLLIVARIVELLGRRGWEALRYWWNLLQYWIQELKNSAISLFNATAIAVAEGTDRVIEVAQRAFRAILNIPTRIRQGFERALL,B,0,0.97,0,397,0
149,CNE59,MRVKETQMNWPNLWKWGTLILGLVIICSASDNLWVTVYYGVPVWRDAETTLFCASDAKAHETEVHNVWATHACVPTDPNPQEIFLKNVTENFNMWRNNMVEQMQEDVVSLWDQSLKPCVKLTPLCVTLKCSNANLTKANLTTVSNIGNITDEIRNCSFNMTTELRDKRQNVYALFYKLDIVQLNENSNNSDEYRLINCNTSVIKQACPKVSFDPIPIHYCTPAGYAILKCNDKNFNGTGPCRNVSSVQCTHGIKPVVSTQLLLNGSLAEEEIIIRSENLTNNAKTIIVHLNKSVEINCIRPSTNTRTSVRIGPGQVFYRTGDIIGDIRKAYCEINGTKWNETLTQVAGKLREHFNTTIIFQPPSGGDLEITMLHFNCRGEFFYCNTSQLFNSTWNNTGENNTMERGNGTDTIILPCKIKQIINMWQGVGQAMYAPPISGNISCVSNITGILLTRDGGNNMTNETFRPGGGNIKDNWRSELYKYKVVQIEPLGVAPTKARRRVVEREKRAVGIGALLFGFLGAAGSTMGAASITLTVQARQLLSGIVQQQSNLLRAIEAQQHLLQLTVWGIKQLQARVLAVERYLEDQKFLGLWGCSGKIICTTNVPWNSTWSNRSYEEIWDNMTWIEWEREISNYTNQIYEILTESQNQQDKNEKDLLELDKWTSLWSWFDITRWLWSIKIFIMIVGGLIGLRIIFAVLSIVNRVRQGYSPLSFQTLTHPQREPDRPERIEEEGGEQGRDRSIRLVSGFLALAWDDLRSLCLFSYHRLRDLLSIVTRTVELLGRSSLKGLRQGWEGLKYLGNLLLYWGQELKISAVSLLDATAIAVAEGTDRIIEVAQRAWRAILHIPRRIRQGLERFLV,01_AE,1,50.0,1,397,4
150,1054_07_TC4_1499,MEIRRNYQHLWRWGTMLLGLLMICNAAEQLWVTVYYGVPVWREANTTLFCASDAKSYDTEVHNVWATHACVPTDPNPQEVVMGNVTESFNMWKNHMVEQMHEDIISLWDQSLKPCVRLTPLCVTLNCSNYAGTNTTAINTNTTVWGEKMDPGEIKNCSFNIATPIKDKRHQEYALFYKSDVVPIDEDNDTTSYRLISCNTSVITQACPKVSFEPIPIHYCAPAGFAILKCNNKTFNGSGPCTNVSTVQCTHGIKPVVSTQLLLNGSLAEEEVVIRSANFTDNAKTIMIQLKDPVEISCTRPNNNTIKGIHIGPGRAFYTTGQVIGDIRKAYCNISRAKWNHTLSQVVEKLRLQFQNKTIVFNQSSGGDPEIVMHTFNCGGEFFYCNSTPLFNSTWNDTKGSNNTVGNDTIILQCRIKQIINMWQEVGKAMYAPPIKGNISCSSNITGLLLTRDGGIVDNNDTETFRPGGGDMRDNWRSELYKYKVVKIEPLGIAPTKAKRRVVQREKRAIGIGAMFLGFLGAAGSTMGAASMTLTVQARQLLSGIVQQQNNLLRAIEAQQHLLQLTVWGVKQLQARVLAVERYLKDQQLLGIWGCSGKLICTTTVPWNVSWSNKSLDNIWNEMTWMEWEREIDNYTDIIYSLIEESQNQQDKNEKELLELDKWDSLWNWFSITKWLWYIRIFIMIVGGLVGLRIVFAVLSIVNRVRQGYSPLSFQTRLPTPRGPDRPEGIEEEGGDRDRDRSTTLVQGFLALIWVDLRSLCIFIYHRLRDLLLIVTRIVELLGRRGWELLKYWWNLLQYWSQELKNSAVSLLNTTAVAVAEGTDRVIEALQRVGRGILHIPTRIRQGLERALL,B,1,50.0,1,397,1
151,92UG005,MRVRGIQRNYQHLWKWGTMLLWILMTCSVTGQLWVTVYYGVPVWKEATTTLFCASDAKAYKTEAHNIWATHACVPTDPNPREIKLENVTENFNMWKNNMVEQMHEDIISLWDQSLKPCVKLTPLCVTLNCIEWRNATNNATNNATQGLEMKNCSFNITTELIDKKQQVEALFYKLDVVQIDNSTNSTNYRLINCNTSVITQACPKITFEPIPIHYCAPAGFAILKCNDKKFNGTGPCKNVSTVQCTHGIRPVVSTQLLLNGSLAEEEIIIRSENLTNNAKIIIVQLNESVTINCTRPYNNTRKGIHIGPGRAYYTTNIVGNIRQAHCNVSKAKWNNTLQQVAKKLRDLLNKTTITFRPSSGGDPEITTHSFNCGGEFFYCNTSGLFNSEWGKNNTSNSTGNNETITLQCRIKQIINMWQGVGKAMYAPPIAGLIQCSSNITGLLLTRDGGANSSHNETFRPGGGDMRDNWRSELYKYKVVRIEPLGLAPTKAKRRVVEREKRAIGLGALFLGFLGTAGSTMGAASLTLTVQARKVLSGIVQQQNNLLRAIEAQQHLLQLTVWGIKQLQARVLAVESYLKDQQLLGIWGCSGKHICTTNVRWNSSWSNKSLEEIWNNMTWMEWEREIDNYTGIIYNLLEESQLQQEKNEQELLQLDKWASLWNWFSITKWLWYIRIFIMIVGGLIGLRIIFAVLSVVNRVRQGYSPLSFQTLLPAPRGPDRPEGIEEEGGEQGRGRSIRLVNGFSALIWDDLRNLCLFSYHRLRDLILIAARIVELLGRRGWEAIKYLWNLLQYWIQELKNSAVSLFNTTAIAVAEGTDRIIEIVQRIGRAILNIPTRIRQGAERALL,D,1,50.0,1,397,4
152,3337_V2_C6,MRVKGMQKSCQQWWMWGILGFWILMICNVMGNGNLWVTVYYGVPVWKEATTTLFCASDAKAYIKEAHNIWATHACVPTDPNPQEIALENVTEKFNMWKNGMVDQMHEDIISLWDESLKPCVKLTPLCVTLNCTNATNDKVSSELEMKNCSFYITTEIRDRRKQEYALFYRSDVVQINGNNISYRLINCNTSAIKQACPKVNFEPIPIHYCAPAGYAILKCNGENFNGTGLCENVSTVQCTHGIRPVVSTQLLLNGSLAEKEIVIRSENITNNAKTIIVQLNETVIINCTRPSNNTRKSIRIGPGQTFYATGDITGDIRQAHCNISATKWINTLQQVANKLRDHFNKTIEFQPSSGGDPEITEHTFNCGGEFFYCNTTNLFNWTFNSISNNINTSTNEITIQCRIKQIINRWQGVGKAMYAPPTAGSINCLSNITGLLLTRDGGNTSEEIFRPGGGDMRDNWRSELYKYKVVRLEPLGLAPTKARRRVVEREKRAIGLGAMFLGFLGAAGSTMGAASMTLTVQARQLLSGIVQQQDNLLRAIEAQQHMLQLTVWGIKQLQARVLAVESYLKDQQLLGIWGCSGKHICTTNVPWNSSWSNRSLKTIWENMTWMQWEREIENYTDLIYSLIEESQTQQEQNEQELLQLDKWASLWNWFNITQWLWYIKIFIMIVGGFIGLRIVFVVLSLVNRVRQGYSPLSFQTLFPAPRGPDRPEGIEEEGGEPGRDRSIRLVNGFSALIWEDLRNLCLLSYHRLSDLLLIVTRTVELLGRRGWEALKYLWNLLQYWIQELKNSAISLLDTTAIAVAEGTDRAIEIIQRVGRAVINIPTRIRQGAERAFL,CD,1,50.0,1,397,4
154,C1080_C3,MRVKETQMNWPNLWRWGTLILGLVIICSASDNLWVTVYYGVPVWKDADTTLFCASDAKAHETEAHNIWATHACVPTDPNPQEIYMENVTENFNMWKNNMVEQMQEDIISLWDQSLKPCVKLTHLCVTLSCTNVTLTNVNYTNNFPNIGNITDEVRNCSFNVTTEIRDKKQKVYALFYKTDIVQMENKNSYRLINCNTSVIKQACPKISFDPIPIHYCTPAGYAILKCNEKNFNGTGPCKNVSSVQCTHGIKPVVSTQLLLNGSLAEGEIIIRSENLTNNAKTIIVHLNKSVEINCTRPSNNTRTSVTIGPGQVFYRTGDIIGDIRKAYCEINGTKWNETLKQVVGKLKEHFPNKKISFQPPSGGDLEITMHHFNCRGEFFYCNTTQLFNSTWINSTGIKEYNDTIIYLPCKIKQIINMWQGVGQAMYAPPIRGKINCVSNITGILLTRDGGDANATNDTETFRPGGGNIKDNWRSELYKYKVVQIEPLGIAPTKAKRRVVEREKRAVGIGAMIFGFLGAAGSTMGAASITLTVQARQLLSGIVQQQSNLLRAIEAQQHLLQLTVWGIKQLQARVLAVERYLKDQKFLGLWGCSGKIICTTAVPWNSTWSNKSFEQIWNNMTWIEWEREISNYTSQIYDILTESQNQQDRNEKDLLELDKWASLWNWFDITKWLWYIKIFIMIVGGLIGLRIIFTVLSIVNRVRQGYSPLSFQTPTHHQREHDRPGRIEEEGGEQGRDRSVRLVSGFLALAWDDLRSLCLFSYHRLRDFILIAARTVELLGHSSLKGLRRGWEGLKYLGNLLTYWSQELKISAISLFDAIAVAVAGWTDRVIEVAQGAWRAILHIPRRIRQGLERALL,01_AE,1,50.0,1,397,4
155,CNE17,MRVRVTLRNYPQWWIWGVLGFWMVMICNVGGNLWVTVYYGVPVWKEAKTTLFCASDAKAYETEVHNVWATHACVPTDPNPQEMVLGNVTENFNMWKNDMVNQMHEDVISLWDQSLKPCVKLTPLCVTLECTDVNVTNVNVTMSNGTMSNDTMSNSTQVNVTMNNGSWITDGMQNCSFNATTELRDKKNKVFALFYKLDIVPLSETNSSNYYRLINCNTSAITQACPKVTFDPIPIHYCTPAGYALLKCNAKDFNGTGPCSNVSTVQCTHGIKPVVSTQLLLNGSLAEEDIIIRSENLTDNAKTIIVHLNKSVEIVCTRPSNNTRKSIRIGPGQTFYATGDIIGDIRQAHCNISKGKWNDTLQRVGIKLAEYFPNKTINFTSSSGGDLEITTHSFNCGGEFFYCNTSSLFNGTYNGTYMTNMANDSSEITIPCRIKQIVNMWQEVGRAMYAPPIAGNITCRSNITGLLLVRDGGRSEVSNTTETFRPQGGDMRDNWRSELYKYKVVEIKPLGIAPTGAKRRVVEREKRAAGIGAVFLGFLSAAGSTMGAASLTLTVQARQLLSGIVQQQSNLLRAIEAQQHMLQLTVWGIKQLQTRVLAIERYLKDQQLLGIWGCSGKLICTTAVPWNSSWSNRTQDEIWDNMTWMQWDKEINNYTDTIYRLLEESQNQQEKNEKDLLALDSWKNLWNWFGITKWLWYIKIFIMIVGGLIGLRIIFAVLSIVNRVRKGYSPLSFQTHTPNPGGLDRLGRIEEEGGEQDRDRSVRLVSGFLSLAWDDLRNLCLFSYHRLTDFILVTARVVELLGRSSLRGLQKGWEALKYLGSLVQYWGLELKKSAISLFDTIAIAVAEGTDRIIELVLSICRAIRNIPRRIRQGFELALQ,C,1,50.0,1,397,3
156,242_14,MKVMGIQKNYPSFWRWGMILFWIMMICNATNLWVTVYYGVPVWRDADTTLFCASDAKAYEKEVHNVWATHACVPTDPNPQEIHLKNVTEEFNMWKNNMVEQMHEDIISLWDQSLKPCVKLTPLCVTLDCIEIRNNTDNITVDSNMKGEITNCSFNMTTELRDKKQKVSAFFYRQDVVPVNSNQDNSSYRLINCNTSAITQACPKVTFEPIPIHYCAPAGFAILKCNDKKFNGTGPCKNVSTVQCTHGIKPVVSTQLLLNGSLAEEEVAIRSENISNNGKTIIVQLVKPVNITCIRPNNNTRKSVRIGPGQTFYATGEIIGNIRQAHCVVNKTEWNETLYQVVTRLREYFKNTTITFTNHSGGDLEVTTHSFNCGGEFFYCNTSELFNSNWTNTNNNTNNASSEANGNITLTCKIKQIINMWQRVGQAMYAPPIQGIIRCESNITGLLLTRDGGFRNDTNETYEAFRPGGGDMRDNWRSELYKYKVVKIEPLGVAPTHAKRRAVQREKRAVGLGAVFLGFLGAAGSTMGAASMTLTVQARQLLSGIVQQQSNLLRAIEAQQHLLRLTVWGIKQLQARVLALERYLRDQQLLGIWGCSGKLICTTAVPWNSSWSNKTYDDIWGNMTWLQWDKEISNYTQIIYSLIEESQNQQEKNEKDLLALDKWANLWNWLDITNWLWYIKIFIMIVGGLIGLRIVFAVLTVIRRVRQGYSPLSFQTLTHHHREPDRPERIEEGGGEQDRNRSVRLVSGFLALAWDDLRSLCLFSYHRLRDFLLVAARTVELLGHSSLKGLRLGWEALRYLGNLLSYWGQELKSSAINLLNTTAIAVANWTDRVIEIAQRAGRAICNIPTRIRQGVERALL,02A1,1,50.0,1,397,4
157,KER2008_12,MRVMGTQRNWQPLLRWGTMILGMLMICSAADNLWVTVYYGVPVWKDAETTLFCASDAKAYETEKHNVWATHACVPTDPSPQEIPLKNVTEKFNMWKNNMVEQMHTDIISLWDQSLKPCVQLTPLCVTLNCSDVTTNNTKVNTTSAPTTTATVNNDNDMKNCSYNITTELRDKKQKRYSLFYRLDVELINKNNSNSTEYVLINCKTSTLTQACPKVSFEPIPKHYCAPAGFAILKCKDKEFNGTGLCKNVSTVQCTHGIKPVVSTQLLLNGSLVEKRVMIRSANITDNTKNIIVQLKEPVEINCTRPNNNTRKGVHIGLGRRFYTTQVVGDIRQAYCNVSKSKWNDTLKKVVYQLRKYFNKTIIFNSSSGGDVEITTHMFTCGGEFFYCNTSGLFNSTWPVNASEQESNSTESDGIITLRCRIKQIINMWQRTGQAMYAPPIQGIIKCVSNITGLLLTRDGGNSTVNETFRPGGGDMRDNWRSELYKYKVVKIEPLGVAPTKARRRVVGREKRAVGIGAVFLGFLGAAGSTMGAASITLTVQARQLLSGIVQQQNNLLRAIEAQQQLLKLTVWGIKQLQARVLAVERYLRDQQLLGIWGCSEKLICTTNAPWNSSWSNKSQSEIWDNMTWLQWDREINNYTDIIYRLLEDSQNQQEKNEQDLLALDKWSSLWTWFDLSNWLWYIKIFIMIVGGLIGLRIVFAVLAVINRVRQGYSPLSFQTLTPNPGELDRPGRIEGEGGEQDRGRSIRLVSGFLALAWDDLRSLCLFSYHHLRDFILIAARIVGLLGRRGWEGLKYLWNLLIYWGQELKTSAVSLLDTIAIVVAGWTDRVLEIGQRIGRAFINIPRRIRQGFERALL,A1,1,50.0,1,397,4
158,97ZA009,MRVMGILRNYQQWWIWGILGFWMLMICNVVGNLWVTVYYGVPVWREAKTTLFCASDAKAYEREVHNVWATHACVPTDPNPQEMVLENVTENFNMWKNDMVDQMHEDIISLWDQSLKPCVKLTPLCVTLRCRNVTSNGNTTHNNTMYEEMRNCSFNATTEIRDKEKKQYALFYKLDIVPLGKGKKYRLISCNTSTITQACPKVSFDPIPIHFCTLAGYAILKCNNKTFNGTGPCHNVSTVQCTHGIKPVVSTQLLLNGSIAEEEIIIRSENLTDNAKTIIVHLNESIEILCTGPNNNTRKSMRIGPGQVFYATNGIIGDIRQAHCNISGEKWNETLQRVGKKLREHFPNKTISFQPSSGGDIEITTHSFNCRGEFFYCNTTSLFNGTYPSTGNNTTSNGTTTLPCRIKQIINMWQEVGRAMYAPPIEGNITCKSNITGLLLVRDGGINSTGPETFRPGGGNMKDNWRSELYKYKVVEIKPLGIAPTKAKRRVVEREKRAVGIGAVFLGFLGAAGSTMGAASITLTVQARQLLSGIVQQQSNLLKAIEAQQHMLQLTVWGIKQLQARVLALERYLRDQQLLGIWGCSGKLICTTAVPWNSSWSNKSQEDIWNNMTWMQWDREISNYSNTIYKLLEESQTQQEQNEKDLLALDSWQNLWNWFSITNWLWYIKMFIMIVGGLIGLRIIFTVLSIINRVRQGYSPLSFQTLTPNPRGPDRLGRIEEESGEQDRDRSVRLVNGFLAIAWDDLRSLCLFSYHRLRDFILIAARVVELLGRSSLRGLQRGWEALKYLGSLVQYWGLELKKSAISLFDTIAIAVAEGTDRIIEFIQRVCRAILNTPRRIRQGFEAALL,C,0,1.92,0,397,2
159,UG021_16,VREMRRNCQHLWGWGTLLLGMLMIYGTTGNLWVTVYYGVPVWKEATTTLFCASDAKSYEAEAHNIWATHACVPTDPNPQEIVLENVTENFNIWKNNMVEQMHDDIISLWDQSIKPCVKLTPLCVTLNCTEWKNATTNATNEGIGMKNCSFTEVRDKKKQAYALFYKLDVVQMNDDNSTNTSYRLINCNASTITQACPKISFEPIPIHYCAPAGFAILKCNDKKFNGTGPCKNVSTVQCTHGIKPVVSTQLLLNGSLAEEEIIIRSKNLTNNAKIIIVHLNESVPINCTRPYDKVSYRTPIGVGRASYTTRIKGDIRQAHCNISGEKWNKTLQQVAVKLRDLLNQTAIIFKPSSGGDPEITTHSFNCGGEFFYCNTSGLFNNSVWTSNSTIGANGTITLPCRIKQIINMWQGVGKAMYAPPIEGQINCSSTITGLLLTRDGGVKNNSQNETFRPGGGDMRDNWRNELYKYKVVRIEPLGLAPTKARRRVVEREKRAIGLGALFLGFLGAAGSTMGAASLTLTVQARQLLSGIVQQQNNLLRAIEAQQHLLQLTVWGIKQLQARVLAVESYLKDQQLLGIWGCSGKHICTTNVPWNSSWSNRSLNEIWENMTWMEWEREIDNYTGLIYSLIEDSQIQQEKNEQELLKLDQWASLWNWFTITKWLWYIKIFIMIVGGLIGLRIVFAVLSLVNRVRQGYSPLSFQTLLPAPRGPDRPEGIEEEGGEQGRGRSIRLVNGFSALIWDDLRNLCLFSYHRLRDLLLIVTRIVELLGRRGWEALKYLWNLLQCWIQELKNSAISLLDATAITVAEETDRAIELVQRAVRAILHIPTRIRQGLERALL,D,0,0.7891992152626849,0,397,4
160,7165_18,MRVKATRKNWQRLWWRWGTMLLGMLMICSATEKLWVTVYYGVPVWKEANTTLFCASDAKAYVTEVHNAWATRACVPTDPNPQEVALENVTENFNMWKNNMVEQMHEDIISLWDESLKPCVKLTPLCVTLKCINYNNTNNGSNANNTSIEGREEIKNCSFNITTTIRDKVQKEEALFYRLDLVPIDNDTYTLINCNTSVITQACPKVSFEPIPIHFCTPAGFAILKCRDKKFNGTGSCKNVSTVQCTHGIRPVVSTQLLLNGSLAEEEVVIRSENFTDNVKTIIVQLNESVVINCTRPNNNTRKGIHIGPGRAFYTTGQIIGDIRQAHCNLSRAQWNKTLEQIVEKLGEQFRNKNISFMQHSGGDPEIVTHTFNCGGEFFYCNSTQLFNSTWTRPPNGTWRSNGTWNSTEGTNDTITLPCRIKQIINMWQGVGKAMYAPPISGQIRCTSNITGLLLTRDGGENRTDNGTEIFRPGGGNMRDNWRSELYKYKVVKIEPLGVAPTKAKRRVVQREKRAVGTIGAMFLGFLGAAGSTMGAASITLTVQARLLLSGIVQQQNNLLRAIEAQQHMLQLTVWGIKQLQARVLALERYLSDQQLLGIWGCSGKLICTTTVPWNNSWSNKSYDNIWSNMTWMEWEREINNYTGEIYNLLEESQNQQEINEQELLALDKWASLWNWFDITNWLWYIKIFIMIVGGLVGLRIVFAVLSIINRVRQGYSPLSLQTHLPAPRGPDRPEGTEEEGGGRDRDTSRLLVHGFLGLIWSDLRSLCLFSYHRLRDLLLIAARIVELLGRRGWEALKYWWNLLQCWIQELKNSAVSLLDTTAIAVAEGTDRIIEVVHRIFRAICNIPTRIRQGFERALL,B,1,50.0,1,397,1
161,92BR020,MRVKEMRKWQHWWKGGILLLGMLMICSAKDNLWVTVYYGVPVWKEATTTLFCASDAKAYKAEVHNVWATHACVPTDPNPQEIVLENVTENFNMWKNNMVEQMHEDIISLWDQSLKPCVKLTPLCVTLNCKNSTNNNNSSEIDKGEIKNCSFTTSVSDKVKKEYALFYNLDVVQINDNSYRLTSCNTSVITQACPKVTFEPIPIHYCTPAGYAILKCNDKKFNGTGPCTNVSTVQCTHGIKPVVSTQLLNGSLAEEDIVIRSENLTNNAKTIIVQLKPVDINCTRPNNNTRKSIHIGPGRAFYATGDIIGDIRQAHCNLSRQWNTLKIVTKLREQFENKTIKFQPPSGGDPEIVFHSFNCGGEFFYCNTTQLFNSTWAGNTITLPCRIKQIVNMWQEVGKAMYAPPIKGKIKCSSNITGLLLTRDGGNNEMNTTEIFRPGGGDMRDNWRSELYKYKVVRIEPLGIAPTRAKRRVVQREKRAVGTLGAMFLGFLGAAGSTMGAASVALTVQARQLLSGIVQQQNNLLRAIEAQQHMLQLTVWGIKQLQARVLAVERYLGDQQLLGIWGCSGKLICTTTVPWNTSWSNKSLDDIWTNMTWMEWEREIDNYTSLIYTLIEESQRQQEKNEQELLELDKWDSLWNWFTISKWLWYIIFIMIVAGLVGLIVFAVLSIVNKVRQGYSPVSFQTRLPAQRGPDRPEIEEEGGDRERERSGRLGLLEIWDDLRSLCLFSYRLRDLLLIVARIVELLGRRGWEALKYWWNLLQYWSQELSSAVSLLNATAAAEGTDRIIEIAQFRGLHIPRRIRQGLERALL,B,0,0.0773965598828914,0,397,0
163,T280_5,MKVMGTQRNWPHLWKGGTLILGLVIICSASTNLWVTVYYGVPVWKDADTTLFCASDAKAYDKEVHNVWATHACVPTDPNPQEIKLTNVTENFNMWKNHMVEQMHTDIISLWDQSLKPCVKLTPLCVTLNCTNATTNGTIEDGAKNCSFNMTTELRDKQKKVYSLFYKLDIVKIRENNNSDNYTYRLINCNTSTITQACPKVTFEPIPIHYCAPAGFAILKCTDKKFNGTGPCSNVSSVQCTHGIKPVVSTQLLLNGSLAEEGIIIRSEDITNNAKTIIVQLTKPVNITCVRPNNNTRRGIHIGPGQAFYARDSIIGDIRQAYCNVSKAEWNETLQQVAKKLRDNYGNKTIIFTSSSGGDLEITTHSFNCGGEFFYCNTSSLFNSTWNWNGTSIQGPNDTQSNGTITLPCRIKQIVNMWQRAGQAMYAPPIPGIIKCESNITGLLLVRDGGNNSGSNETFRPTGGDMRDNWRSELYKYKVVEIEPLGVAPTRAKRRVVEREKRAVGLGAVFLGFLGAAGSTMGAASITLTVQARQLLSGIVQQQSNLLRAIEAQQHLLKLTVWGIKQLQARVLAVERYLKDQQLLGIWGCSGKLICTTNVPWNSSWSNKSQEEIWGNMTWLQWDKEISNYTSIIYSLIEESQNQQEKNEQELLALDKWASLWNWFDISNWLWYIKIFIMIVGGLIGLRIVFTILSIVNRVRQGYSPLSFQTLTHHRREPDRPEGIEEGGGEQDRDRSVRLVNGFLALAWEDLRNLCLFSYHRLRDFVLIAVRGVELLGHSSLKGLRLGWEALKLLGNLLSYWGQELKNSAINLLDTLAIAVANWTDRVLEVGQRTGRAIRNIPRRIRQGLERVLL,02A1,0,0.071,0,397,4
164,3016_V5_C45,MRVREMKRNWQNLWKGGILLLGILMICSAADNLWVTVYYGVPVWKEAKTTLFCASDAKSYRTEAHNIWATHACVPTDPNPQELELENVTENFNMWKNDMVNQMHEDIISLWDQSLKPCVKLTPLCVTLNCQEMNSSTKTNSSISNEDKRMNCSFNVTTVVRDRKKQVAALFYRLDLVAVDNDNSTNYRLINCNTSAITQACPKVSFEPIPIHYCAPAGFAILKCRDKQFNGTGPCTNVSTVQCTHGIRPVVSTQLLLNGSLAEEEIMIRSENISNNAYNIIVQLNESVAIDCTRPYNNTRQSIHIGPGQAVYATDARKIVGDIRQAYCTIDGTEWKKMLQRVAEKLGSLINKPTIKFKPSAGGDAEITTHSFNCGGEFFYCNTSNLFNYTWNNSTGLGNITRNITLPCRIKQIINMWQGVGKAMYAPPIEGQIKCSSNITGLILTRDGGNTSDDHETFRPGGGNMKDNWRSELYKYKVVRIEPIGLAPTKAKRRVVEREKRAIGLGAMFLGFLGAAGSTMGSASVALTVQARQLLSGIVQQQNNLLRAIEAQQHLLQLTVWGIKQLQARVLAVERYLKDQQLLGLWGCSGKHICTTNVPWNSSWSNRSLDNIWHNMTWMEWEREIDNYTGLIYSLIENSQIQQEKNEQELLELDKWASLWNWFDITRWLWYIKIFIMVVGGLIGLRIVFVVLSLVNRVRQGYSPLSFQTLLPAPRGLGRPEEIEEEGGERGRDRSIRLVNGFSALIWDDLRNLCLFSYHRLRDLLLIAARIVELLGRRGWEALKYLWNLLQYWSQELKTSAVSLIDTIAIAVAEGTDRVIEIIQRACRTVVNIPVRIRQGLERLLL,D,1,50.0,1,397,4
165,191084_B7_19,MRVMERLRNYPNLGTIILGMILICSATENLWVTVYYGVPVWRDAETTLFCASDAKAYDTEMHNVWATHACVPTDPNPQEIDLENVTEKFNMWKNNMVEQMHTDIISLWDQSLKPCVKLTPLCVTLNCTAITNDTRGNETGINRTVETTEMTNCSFNMTTELRDRKKKVNALFYKLDIVQIGENSSSQYRLINCNTSVITQACPKVTFEPIPIHYCAPAGFAILKCKDKEFNGTGTCRNVSSVQCTHGIKPVVSTQLLLNGSLAEGQVKIRSENISDNAKTIIVQLNESVPINCTRPNNNTRRGIHLGPGQTFFATDIIGDIRQAHCNVSESKWNKALQEVVKQLRQHWNKTIIFKSSSGGDLEITTHSFNCGGEFFYCNTSGLFNSTWNIAGNRTNDTKSNETITLPCRIKQIVNVWQRVGQAIYAPPIAGVIRCNSNITGLLLVRDGGATNNTDETFRPGGGNMRDNWRSELYKYKVVKIEPLGVAPTRARRRVVEREKRAVGLGAVFIGFLGAAGSTMGAASVTLTVQARQLLSGIVQQQSNLLRAIEAQQHLLKLTVWGIKQLQARVLAVERYLKDQQLLGIWGCSGKLICPTTVPWNSSWSNKSQNEIWDNMTWLQWDKEISNYTQLIYSLIEESQNQQEKNEQELLALDKWASLWNWFDISKWLWYIRIFIMIVGGLIGLRIVFTVLSIINRVRQGYSPLSFQTHPPSPTGPDRPGRIEEEGGEQGRDRSTRLVSGFLALAWDDLRSLFLFSYHHLRDLILIVARAVELLGHNSLKGLKLGWNLLLYWSRELKISALNLLDTIAIAVAGWTDRVIEIGQRICRAIRNIPRRIRQGAERAFL,A1,0,0.058,0,397,4
168,92UG046,MRVKGIERNYQHLWERNQHSLWRWGIMLLGMLMICKGELWVTVYYGVPVWKEATTTLFCASDAKSYEPEAHNIWATHACVPTDPNPREIKLENVTENFNMWKNDMVEQMHEDVISLWDQSLKPCVKLTPLCVTLHCTEYKAPNATINATDRDIGMKNCSFNVTTEVIDKKKQEHALFYKLDVVQMDDNSTNTNYRLINCNTSVITQACPKVTFEPIPIHYCAPAGFAILKCNDKKFNGTGPCKNVSTVQCTHGIRPVVSTQLLLNGSLAEEEIIIRSENLTNNAKTIIVQLNESVPINCSRPYENKRRRTPIGLGQAYYTTKLKGYIRPAHCNISGAEWNKTLQQVAKKLGDLFNQTTIIFQPHSGGDPEITTHSFNCGGEFFYCDTSRLFNRTYNTSGSTGVNNSTIKLPCRIKQIINMWQGVGKAMYAPPIEGLIKCSSNITGLLLTRDGGNNTRQNETFRPGGGDMRDNWRSELYKYKVVRIEPLGLAPTEAKRRVVEREKRAIGLGAMFLGFLGAAGSTMGAASMTLTVQARQLMSGIVQQQNNLLRAIEAQQHLLQLTVWGIKQLQARILAVESYLKDQQLLGIWGCSGRHICTTAVPWNSSWSNKSLNEIWGNMTWMEWEKEIDNYTELIYSLIEESQTQQEKNEQELLKLDQWASLWNWFSITKWLWYIKIFIMIVGGLIGLRIVFAVLSVVNRVRQGYSPLSFQTLLPAPRGPDRPEGIEEEGGEQGRGRSIRLVTGFSALIWDDLRNLCLFSYRHLRDLILIAARIVEFLGRRGWEAIKYLWNLLQYWIQELKNSAISLFDTTAIAVAEGTDRVIEILQRFIRAILHIPRRIRQGLERALL,D,1,50.0,1,397,4
169,CNE31,MRVKGTLRNYQQWWIWGVLGFWMLMMCNGGENLWVTVYYGVPVWKEAKTTLFCASDAKAYETEVHNIWATHACVPTDPNPQEIVMENVTENFNMWNNDMVDQMHEDVISLWDQGLKPCVKLTPLCVTLKCGNTTKSTTKHSFLNETYKGEIKNCSFNATTLLKDKQKTVYALFYRLDIVPLNDDKNSSDNSSGYYRLINCNTSAITQACPKVSFDPIPIHYCAPAGYAILQCNNKTFNGTGPCHNVSTVQCTHGITPVVSTQLLLNGSLAEGEIVIRSKNLTDNAKTIIVHLNESVEIVCTRPNNNTRKSIRIGPGQTFYATGDIIGNIRLAYCNISEEKWNKTLQRVSKKLAEHFPNKTIKFKASSGGDLEITTHSFNCRGEFFYCNTTRLFNGTYNSTTGTYNGITGSPNSTIIIPCRIKQIINMWQEVGRAIYAPPIEGNITCKSNITGILLVRDGGKTNKTEEIFRPEGGDMRDNWRSELYKYKVVEINPLGVAPTPAKRRVVEREKRAVGIGAVFLGFLGAAGSTMGAASLTLTVQARQLLSGIAQQQSNLLRAIEAQQHMLQLTVWGIKQLQTRVLAIERYLKDQQLLGIWGCSGKLICTTAVPWNSSWSNKSQQEIWENMTWMQWDKEISNYTNTIYRLLEDSQNQQEKNEQDLLALDKWDNLWSWFNITKWLWYIKIFIMIVGGLIGLRIIFAVLSIVNRVRQGYSPLSLQTLIPNPGGPDRPRGIEEEGGEQDRTRSIRLVNGFLAIAWDDLRNLCLYSYHLLRDFILLTARGVELLGRNSLRGLQRGWEALKYLGSLVQYWGLELKKSAISLLDTIAIAVAEGTDRIIDLVQGICRAIRNIPRRIRQGFEVASFQ,C,0,13.6,0,397,2
171,ZM233_6,MRVRGIMRNWQQWWIWGSLGFWMLIICNVMGSLWVTVYYGVPVWREAKTTLFCASDAKAYETEAHSVWATHACVPTDPNPQEMVLENVTENFNMWKNDMVDQMHEDVISIWDQSLKPCVKLTPLCVTLDCSTYNNTHNISKEMKICSFNMTTELRDKKRKVNVLFYKLDLVPLTNSSNTTNYRLISCNTSTITQACPKVSFDPIPIHYCAPAGYAILKCNNKTFNGTGPCNNVSTVQCTHGIKPVVSTQLLLNGSLAEEEIIIRFENLTDNVKIIIVQLNETINITCTRPNNNTRKSIRIGPGQSFYATGEIVGNIREAHCNISASKWNKTLERVRTKLKEHFPNKTIEFEPSSGGDLEITTHSFNCGGEFFYCNTSGLFNSAINGTLTSNVTLPCRIKQIINMWQEVGRAMYAPPIAGNITCKSNITGLLLTRDGGENSSSTTETFRPTGGDMKNNWRSELYKYKVVEIKPLGIAPTEAKRRVVEREKRAVGIGAVFLGFLGAAGSTMGAASMTLTVQARQLLSGIVQQQSNLLKAIEAQQHMLQLTVWGIKQLQARVLAIERYLKDQQLLGLWGCSGKLICTTNVPWNASWSNKSKNDIWDNMTWMQWDREISNHTDTIYRLLEDSQNQQEKNEKDLLALDSWKNLWNWFSITKWLWYIKIFIMIVGGLIGLRIIFAVLSIVNRVRQGYSPLSFQTLTPNPRGPDRLGGIEEEGGEQDKNKSRRLVTGFLPVVWDDLRSLCLFSYHLLRDFILIVARTVELLGRRGWEALKYLGGLVQYWGLELKKSTISLLDTIAIVVAEGTDRIIEVLQRIGRAIYNIPRRIRQGFETALL,C,0,0.5344299115804719,0,397,2
172,BJOX028000_10_3,MRVKETQRNWPNLWKWGTLIIGLVIMCSASDNLWVTVYYGVPVWRDANTTLFCASNAKAHVTEVHNVWATYACVPTDPNPQEIPLENVTENFNMWKNDMVEQMQEDVISLWDQGLKPCVKLTPLCVTLNCSNAELTNLTNFNKTNVFKGIGNVTDEVRNCSFNMTTLLTDKKQMVHALFYKLDIIQISNSSYRLINCNTSVIKQACPKISFDPIPIHYCTPAGYAILKCNDKKFNGTGPCKNVSSVQCTHGIKPVVSTQLLLNGSLAEDEIIIRSENLTNNAKTIIVHLNKSVEINCTRPSNNTRTSIPIGPGRAFYRTGDITGDIRQAYCNISRTKWNETLGQVAKKLKEHFATKKIEFQPHSGGDLEITMHHFNCRGEFFYCNTTKLFNSTWIGNETWIGNETIKGSTDNDTIILPCRIKQIINMWQGAGQAMYAPPINGIIKCVSNITGILLTRDGGDDNGTEIFRPGGGNIKDNWRSELYKYKVVQIEPLGVAPTRAKRRVVEREKRAVGIGTMIFGFLGAAGSTMGAASITLTVQARQLLSGIVQQQSNLLRAIEAQQHMLQLTVWGIKQLQARVLAVERYLKDQKFLGLWGCSNKIICTTAVPWNSSWSNKSYEEIWNNMTWIEWEREISNYTNQIYDLLTESQNQQDRNEKDLLELDKWTSLWNWFDISNWLWYIKIFIIIVGGLIGLRIICAVFSIVNRVRQGYSPLSFQTPFHHQREPDRPERIEEGGGEQDRDRSVRLVSGFLSLVWDDLRSLVLFSYHRLRDFSLIAARTVELLGRSSLKGLKRGWEGLKYLGNLLVYWAQELKISAISLFNAVAIAVAGWTDRVIEVAQAAWRAILHIPRRIRQGLERAWL,01_AE,1,50.0,1,397,4
174,DRVI01_0803_15,MRVMGIRKNYQHLWRWGTMLLGILMICSAAENLWVTVYYGVPVWKEANTTLFCASDAKAYDTEAHNVWATHACVPTDPDPQEIDLINVTENFNMWKNNMVEQMHEDIISLWDQSLKPCVKLTPLCVTLNCNNISSNASSTTEGGEMKNCSFNVTTSIQTKVKGYALFYNLDIVQIGNDSNSYRLIKCNTSVITQACPKISFEPIPIHYCAPAGFGIIKCKDKKFNGTGPCTNVSTVQCTHGIRPVVSTQLLLNGSLAEEEVVIRSSNFSKNDKIIIVQLNEAVEINCTRPNNNTRKSIHLGQGRAWYATGEIIGDIRQAHCNISRAKWNNTLRLIVEKLREQFVNKTIIFNRSAGGDPEIVMHNFNCGGEFFYCNTTQLFNSTWNETGTWNETSTENGTITLPCRIKQIINMWQEVGKAMYAPPISGPIRCSSNITGLLLTRDGGNETNTTTETFRPGGGDMRDNWRSELYKYKVIKIEPIGVAPTKAKRRVVQREKRAVTLGAVFFGFLGAAGSTMGAASITLTVQARQLLSGIVQQQRNLLRAIEAQQHLLQLTVWGIKQLQARVLAVERYLKDQQLLGIWGCSGKLICTTAVPWNASWSNKSQSEIWDNMTWMEWEREIENYTNTIYTLIEKSQNQQEKNELELLELDKWASLWNWFDITKWLWYIKIFIMIVGGLVGLRIIFAVLSIVNRVRQGYSPLSLQTRFPAQRGPDRPEGIEEEGGERDRDRSERLVNGFLTLFWEDLRNLCLFSYHLLRDFLLIVARIVELLGRRGWEALRYWWNLLQYWIQELKNSAISLFNATAIAVAEGTDRVIEVAQRAFRAILNIPTRIRQGLERALL,B,0,0.3499999999999999,0,397,0
175,269_12,MRVKETQRNCQLLWKWGILILGLVIVCSASNLWVTVYYGVPVWRDAETTLFCASDAKAYDTEAHNVWATHACVPTDPSPQEIPLINVTENFNMWKNKMVEQMQEDVISLWDQSLKPCVKLTPLCVTLNCTKATHTGDNSTSVNLTEIVEMQNCSYNMTTELRDRSRKEYSLFYKLDIVLVNESNSNSSQYRLINCDTSTITQACPKVSFEPIPIHYCAPAGFAILKCRDKQFNGTGPCSNVSTVQCTHGIKPVVSTQLLLNGSLAEGEVAIRSENFTNNAKTIIVQLTKPVKINCIRPGNNTRRSHRIGPGQTFFATGAIIGDIRQAHCNVSTTEWNNTLSQVVKQLKRYFNNKTIIFTNHSGGDLEITTHTFNCGGEFFYCNTSGLFNSTWWNNNNSSNNITTLQCRIKQIVNLWQRVGKAMYNPPIQGVIRCESNITGLLLTRDGGLNDSSTNETFRPGGGDMRDNWRSELYRYKVVKIEPLGVAPSRARRRVVQREKRAIGMGAVFLGFLGAAGSTMGAASITLTVQARQLLSGIVRQQSNLLKAIEAQQHLLKLTVWGIKQLQARVLALERYLRDQQLLGIWGCSGKLICTTNVPWNSSWSNKTYNDIWEGMTWLQWDKEISNYTETIYNLIEQSQNQQEKNEQELLALDNWASLWNWFNISNWLWYIRIFIIIVGGLVGLRMVFTVISIINRVRQGYSPLSFQTLTHHPREPDRPGRIEEGGGEEGRDRSVRLVSGFLELIWDDLRNLCLFSYHRLRDFLLIAARTVGLLGRNGWEALKYLWNLLSYWGQELKNSAISLFDTLAIAVANWTDRVIEIGQRAGRAILNIPARIRQGLERALL,02A1,1,50.0,1,397,4
176,9004SS_A3_4,MRVRGIQRNCQNLWRWGAMVLGMIIICSAADNLWVTVYYGVPVWRDAETTLFCASDAKAYEKEVHNIWATHACVPTDPNPQEIHLENVTEEFNMWKNNMVEQMHTDIISLWDQSLKPCVKLTPLCVTLNCSQYVSSHVNNHNNSSHNVSSHSGNITSDMKICSFNTTTEVRDKKQKVYSLFYKLDVVPISNDSSQYRLINCNTSAITQACPKVTFEPIPIHYCAPAGFAILKCKDKEFNGTGLCKNVSTVQCTHGIKPVVSTQLLLNGSLAEGTVRIRSENITNNAKNILVQLTRPVNINCTRPNNNTRKSVHIGPGQAFYAIGAIIGNIRQAHCNVSKASWNSALQEVAQQLKTHFGNKTIIFANSTGGDPEITTHSFNCGGEFFYCNTSSLFNSIWNGSKSNNTEPDSTITLQCRIKQIINMWQRVGQAMYAPPIQGVIRCESNITGLILTRDGGSNSSSTNETFRPGGGDMRDNWRSELYKYKVVKIEPLGVAPTKAKRRVVEREKRAVGIGAVFLGFLGAAGSTMGAASITLTVQARQLLFGIVQQQSNLLRAIEAQQHLLKLTVWGIKQLQARVLAVERYLRDQQLLGIWGCSGKLICTTNVPWNSSWSNKTQSEIWDNMTWMQWDKEINNYTQLIYGLLEESQNQQEKNEQDLLALDKWADLWNWFDISKWLWYIKIFIMIVAGLIGLRIVFAVLAIINRVRQGYSPLSFQTHTPNPEGLDRPGRIEEEGGEQGRDKSIRLVNGFLALAWDDLRSLCLFCYHRLRDFILIAARAVELLGHHSLKGLRLVWEGLKYLKNLLAYWSQELKNSAINLLDTIAIVVAGWTDRVIEVGQRLCRVILHIPRRIRQGLERALL,A1,1,50.0,1,397,4
177,QH209_14M_A2,MRVMETQRNYQHLLSWGIMILGMLIICSATNLWVTVYYGVPVWKDAETTLFCASDAKAYDKEVHNVWATHACVPTDPNPQEVHLENVTEEFNMWKNYMVEQMHTDIISLWDQSLQPCVKLTPLCVTLNCSHNINHNETTFSNDTNLPNITEEMRNCSFNMTTEVRDRQKQVYSLFYRLDIVQINEDQKEGSKGRYRLINCNTSAITQACPKVSFEPIPIHFCAPAGFAILKCKDKEFNGTGPCKNVSTVQCTHGIRPVVSTQLLLNGSLAEGKVMIRSENFTNNAKNIIVQFNESVEIECLRPNNNTRESIHLGPGRAFYARGGIIGDIRQAHCIVNKTNWNKALKEVAKQLRTIFNKTIKFTNSSGGDIEITTHSFNCRGEFFYCNTTGLFNLTWNGTDSTNRNESGNITLPCRIKQIINMWQRVGRAIYAPPIPGVVKCKSNITGLILTRDGGDDENNTETFRPGGGNMRDNWRSELYKYKVVKIEPLGVAPTKARRRTVEREKRAVGIGAVFLGFLGAAGSTMGAASITLTVQARQLLAGIVQQQSNLLRAIEAQQQMLRLTVWGIKQLQARVLAVERYLKDQQLLGLWGCSGRIICTTNVPWNSSWSNKSYDEIWDSMTWLQWDREISNYSDIIYNLIEESQIQQEKNEQDLLALDNWASLWNWFNITKWLWYIKIFIMIVGGLIGLRIVFTVISMINRVRQGYSPLSFQTHNPNPGGPDRPGRIEEEGGEQDRDRSIRLVNGFLALAWDDLRNLCLFSYHRLRDFILIAARTVELVGHSSLKGLRLGWEGLKYLWNLLVYWGRELKISAISLFDTLAIVVAGWTDRIIELGQRFCRAILNVPTRIRQGAERALL,A1,1,50.0,1,397,4
179,Q842_D12,MRAMGIQMNCQNLWRWGTMILGMIIFCSAVDNLWVTVYYGVPVWKEAETTLFCASDAKAYETEKHNVWATHACVPTDPNPQEIHLENVTEEFNMWKNNMVEQMHTDIISLWDQSLKPCVKLTPLCVTLDCNNVTNNGTSDMREEIKNCSFNMTTELRDKRQKVYSLFYKLDIVQINEDQGNSSNNKYRLITCNTSAITQACPKVTFEPIPIHYCAPAGFAILKCKDEEFNGIGPCKNVSTVQCTHGIKPVVSTQLLLNGSLAEKEVKIRCENITNNAKTIIVQLVNPVKINCTRPNNNTRKSIHIGPGQAFYATGDIIGDIRQAHCNVNRTEWNNTLHQVVEQLRKHFNKTINFANSTGGDLEITTHSFNCGGEFFYCNTTNLFNSTWNHTASMNSTESNDTIILPCRIKQIINMWQRVGQAMYAPPIRGVIRCESNITGLILTRDGGNTNSTRETFRPGGGDMRDNWRSELYKYKVVKIEPLGVAPTKAKRRVVEREKRAVGIGAVFIGFLGAAGSTMGAASITLTVQARQLLSGIVQQQSNLLRAIEAQQHLLKLTVWGIKQLQARVLAVERYLKDQQLLGIWGCSGKLICTTSVPWNSSWSNKSQNEIWDNMTWLQWDKEISNYTQIIYDLLEESQNQQEKNEQDLLALDKWANLWNWFDISNWLWYIKIFIMIVGGLIGLRIVFAVLSVINRVRQGYSPLSFQTHTPNPRGLDRPERIEEEGGEQDKNRSIRLVSGFLALAWDDLRSLCLFSYHRLRDFILIVARTVELLGHSSLKGLRLGWEGLKYLGNLLSYWGRELRISATNLLDTIAIVIAGWTDRVIEIGQRLCRAFLNIPRRIRQGFERALL,A1,1,50.0,1,397,4
180,THRO4156,MRVKGIKKSFQHWWKWGTMLLGILMICSATDKLWVTVYYGVPVWKEAVTTLFCASDAKAYDTEVHNVWATHACVPTDPDPQEVVLENVTENFNMWKNNMVEQMHEDIISLWDQSLKPCVKLTPLCVTLNCTDYNNTATNTTSSATTTASSANKTAKEEAVMKNCSFNITTNVRDKVKREYALFYNLDVVKLEEGETSYRLVSCNTSVVTQACPKITFEPIPIHYCAPAGFAILKCNNKTFNGTGPCTNVSTVQCTHGIKPVVSTQLLLNGSLAEGGEVMIRSANFTNNAKTIIVQLSKSVAINCTRPNNNTSKSIHMGPGGAFFATGRIIGDIRKAYCTVNGTEWNTTLRQIVEKFKKQFGENKTIVFKPSAGGDPEIVTHSFNCGGEFFYCNTTNLFNSSSTELNSTWSGNSNDTGKNDTITLPCRIKQIINMWQQVGKAMYAPPISGKINCLSNITGLLLTRDGGSDGGSKNSSKNETGTEIFRPGGGDMRDNWRSELYKYKVVRIEPLGVAPTKAKRRAVQREKRDLGLGALFLGFLGAAGSTMGAASVTLTVQARQLLSGIVQQQNNLLRAIEAQQHLLQLTVWGIKQLQARLLAVERYLKDQQLLGIWGCSGKLICTTTVPWNNSWSKNKTYEYIWNNMTWIEWEREIDNYTGLIYNLIEKSQNQQEKNEKELLELDKWDSLWSWFSITNWLWYIKIFIMIVGGLIGLRIVFAVLSIVNRVRQGYSPLSFQTRLPAPRGPDRPEGIEEEGGERDRDRSGPLVNGFLALIWVDLRSLCLFSYHRLRDLLLIVARIVELLGLRGWEALKYWWNLLQYWSQELKNSAVSLLNATAIAVAEGTDRIIEILQRVGRAILHIPTRIRQGLERALL,B,1,50.0,1,397,1
181,RHPA4259_7,MRVMGIRKNYQHLWKWGTMLLWLLMICSAADQLWVTVYYGVPVWKEANTTLFCASDAKAYDTEAHNVWATHACVPTDPNPQEVVLENVTENFNMWKNHMVEQMHEDIISLWDQSLKPCVKLTPLCVTLNCTDLVNSNITRVDNTTEKEMKNCSFNVTSGIRDKVQKEYALLYKLDIVQIDNDNTSHRDNTSYRLISCNTSVITQACPKISFEPIPIHFCAPAGFAILKCNDKKFNGTGPCTNVSTVQCTHGIRPVVSTQLLLNGSLAEEEVVIRSENFTNNVKNIIVQLNESVQINCTRHNNNTRKSINIGPGRAFYATGKIIGDIRQAHCNISREKWQNTLKQIVKKLREQFKNKTIAFAPSSGGDPEIVMHSFNCNGEFFYCNTTKLFTSTWNSTWNSTWNNTEGSNSTVITLPCRIRQIINMWQEVGKAMYAPPIQGQIKCSSNITGLLLTRDGGVDTTKETFRPGGGNMKDNWRSELYKYKVVRIEPLGVAPTKAKRRVVQREKRAVGIGAMFLGFLGAAGSTMGAASITLTVQARLLLSGIVQQQSNLLRAIEAQQHLLQLTVWGIKQLQARVLAVERYLKDQQLLGIWGCSGKLICTTAVPWNASWSNKSQDTIWGNMTWMQWEREIDNYTDLIYNLLEESQNQQEKNEQELLALDKWASLWSWFSITHWLWYIKMFIMIVGGLVGLRIVFAVLSIVNRVRQGYSPLSFQTRFPAPRGPDRPEGIEEEGGERDRDRSGRSADGFLVLVWVDLRNLCLFSYHRLRDLLLIVTRTVELLGRRGWEALKYWWNLLQYWSQELKKSAVSLLDAIAIAVAEGTDRIIELLQRIFRAFLHIPTRIRQGLERALQ,B,1,50.0,1,397,1
182,3415_V1_C1,MRVMGIQRNCQHLLRWGIMILGIIIISSTAENLWVTVYYGVPVWKDAETTLFCASDAKAHDTEKHNVWATHACVPTDPNPQEIHLENVTENFNMWKNNMVDQMHTDIISLWDQSLKPCVQLTPLCVTLNCNHNVTTNNNTNITSEMREEIRNCSFNVTTVQRDKKQKVYSLFYRLDIVQMNEGNNSSNNSANEYRLINCNTSAITQACPKVSFQPIPIHYCAPAGFAILKCRDKEFNGTGVCKNVSTVQCTHGIKPVVSTQLLLNGSLAEEKVMIRTENITDNAKTIIVQLNKTVTINCTRPGNNTRKSIHIGPGQAFYATGDIIGGIRQAHCNVSRKDWNDTLQRVVEQLGNHFNKTIIFDKPSGGDIEITTHSFNCGGEFFYCNTSGLFNSTWKFNGTWNSTDLESNNTVITLPCRIKQIINMWQRVGQAMYAPPIKGVIRCESSITGLLLTRDGGENNSTEIFRPGGGDMRDNWRSELYKYKVVKIEPLGVAPSKAKRRVVEREKRAIGMGAVFLGFLGAAGSTMGAASLTLTVQARQLLSGIVQQQSNLLRAIEAQQQLLRLTVWGIKQLQARVLAVERYLKDQQLLGIWGCSGKLICTTSVPWNSSWSNKSYDEIWGNMTWLQWDKEVSNYTQIIYSLIEESQNQQEKNEQELLALDKWTTLWSWFDISNWLWYIRIFIIIVGGLIGLRIVFAVLSVINRVRQGYSPLSFQTLIPQTGDLDRPGRIEEEGGEQGRDRSIRLVSGFLALAWDDLRSLCLFSYHRLRDFILIVARTVELLGQGSLKGLRLVWEGLKYLWSLLLYWSQELKFSAINLLDTIAITVAGWTDRAIEIGIRIGRAIIHIPRRIRQGAERALQ,A1,0,0.369,0,397,4
185,0260_V5_C36,MRVMGIQRNSQCFLSWGMLVLGIMMICSAVGNLWVTVYYGVPVWKDAETTLFCASDAKAYDKEVHNVWATHACVPTDPNPQEVFLENVTEEFNMWKNNMVEQMHTDIISLWDQSLQPCVQLTPLCVTLNCTDYKGNYTNYNYTKNNGTGHNITSDMEGEIKDCSFNVTTELRDKRQKVHSLFYRLDIVQINSSQTNSSEYRLINCNTSAITQACPKISFNPIPIHYCAPAGFAILKCNDKKFHGTGPCKNVSSVQCTHGIKPIVSTQLLLNGSLAEEKVAIRSENITNNAKNILVQLKSPVNITCVRPNNNTRTSVRIGPGQTFYATGAITGDIRQAHCNVSKAKWNETLRQVAVQLKTYFNKTIIFNSSAGGDLEITTHSFNCGGEFFYCNTSGLFNSTWNDTSNHNTSGTESNANITLQCRIKQIINMWQRAGQAIYAPPIQGIIKCESNITGLILTRDGGDNNNTTTETFRPGGGDMRDNWRSELYKYKVVKIEPLGVAPTKARRRVVQREKRAVGMAALFFGFLGAAGSTMGAASITLTVQARQLLSGIVQQQSNLLRAIEAQQHMLRLTVWGIKQLQARVLAVERYLRDQQLLGIWGCSGKLICTTNVPWNSSWSNKSQNEIWENMTWLQWEKEISNYTDEIYNLLEKSQNQQEKNEQDLLALDKWTSLWNWFDISNWLWYIKIFIMIVGGLIGLRIIFAVLSIINRVRQGYSPLSFQTHTPNPGGLDRPGRIEEEGGEQDRGRSIRLVSGFLALAWDDLRSLCLFSYHRLRDFILIAARTVELLGHSSLKGLRLGWEGLKYLWNLLVYWGQELKTSAINLLDTVAIATANWTDRVIEIGQRLCRAFLNIPRRIRQGFERALL,A1,0,0.8166229008701322,0,397,4
186,25710_2_43,MRVRGTLRNYQQWWIWGVLGFWMLMICNVGGNLWVTVYYGVPVWKEATTTLFCASDAKAYDKEVHNVWATHACVPTDPNPQEMVLGNVTENFNMWKNEMVNQMHEDVISLWDQSLKPCVKLTPLCVTLECSNVTYNESMKEVKNCSFNLTTELRDKKQKVHALFYRLDIVPLNDTEKKNSSRPYRLINCNTSAITQACPKVTFDPIPIHYCTPAGYAILKCNDKKFNGTGPCHKVSTVQCTHGIKPVVSTQLLLNGSLAEGEIIIRSENLTNNAKTIIVHLNQSVEIVCARPSNNTRTSIRIGPGQTFYATGAITGDIRQAHCNISKDKWNETLQRVGEKLAEHFPNKTIKFNSSSGGDLEITTHSFNCRGEFFYCNTSGLFNGTFNGTYVSPNSTDSNSSSIITIPCRIKQIINMWQEVGRAMYAPPIAGNITCKSNITGLLLVRDGGTGSESNKTEIFRPGGGDMRDNWRSELYKYKVVEIKPLGVAPTKAKRRVVEREKRAVGIGAVFLGFLGAAGSTMGAASITLTVQARQLLSGIVQQQSNLLRAIEAQQHLLQLTVWGIKQLQTRVLAIERYLKDQQLLGIWGCSGKLICTTAVPWNYSWSNRSQDDIWDNMTWMQWDKEISNYTNTIYKLLEDSQIQQEKNEKDLLALDSWENLWNWFNITNWLWYIKIFIIIVGGLIGLRIIFAVLPIVNRVRQGYSPLSFQTHTPTPGGPDRLGRIEEEGGEQDNVRSIRLVNGFLALAWDDLRNLCLFSYHRLRDFILVAARVVELLGRNSLRGLQKGWEALKYLGSLVQYWGLELKRSAISLLDTIAIAVAEGTDRIIQLGQGICRAICNIPRRIRQGLEAALQ,C,0,1.72,0,397,2
187,6535_3,MKVKGTRKNYQRLWRWGNMLTMLLGMLMICSATEKLWVTVYYGVPVWKEATTTLFCASEAKAYDTEVHNVWATHACVPTDPNPQEVELGNVTENFNMWKNDMVEQMHEDIISLWDQSLKPCVRLTPLCVTLDCTDLNNTTNTNNTTNTNSSKIEGGEMKNCSFNITTNRGDKRQKEYALLYRTDIVSIENTSSSYRLISCNTSVITQACPKVTFEPIPIHYCAPAGFAILKCNEDKFNGTGPCKNVSTVQCTHGIRPTVSTQLLLNGSLAKEEVIIRSANLSDNAKIIIVQLKDPVEINCTRPNNNTRKSINLGPGRAFYATGDIIGDIRQAHCNISRAKWNDTLREIAKKLAEQFNNRTIVFNQSSGGDPEIVMHSFNCAGEFFYCDTSQLFNSTWNSNSTWNDTNNNNSTEKIILSCRIRQIINRWQEVGKAMYAPPISGPIKCSSNITGLLLARDGGNETNVTETFRPAGGDMRDNWRSELYKYKVVQIEPLGIAPTKAKRRVVQREKRAVGMLGAMFLGFLGAAGSTIGAASMTLTVQARQLLSGIVQQQNNLLRAIEAQQHMLQLTVWGIKQLQARVLAVERYLKDQQLLGIWGCSGKLICTTAVPWNTSWSNKSLNYIWDNMTWMEWEREIDNYTSLIYTLIEESQNQQEKNELELLELDKWGSLWNWFSISNWLWYIRIFIIIVGGLVGLRIVFTVLSIVNRVRQGYSPLSFQTRLPATQRGQPDRPEGIEEEGGERDRARSIRLVDGFLALFWDDLRSLCLFSYHRLRDLLLIVARIVELLGHRGWEILKYWWNLLQYWRQELKKSAVSLLNTTAIVVAEGTDRIIEVVQRAYRAFLHIPRRIRQGLERALL,B,1,50.0,1,397,1
188,703010054_2A2,MRVREILRNWLQWWIWGVLGFWLLMICSGNMWVTVYYGVPVWKEAKTTLFCASDAKAYEREVHNIWATHACVPTDPNPQEMILENVTENFNMWKNDMVDQMHEDIISLWDESLKPCVRLTPLCVTLNCTNVINDTYDMNDMKNCSFNATTEIKDKRRKVDALFYKLDIVPLSSGNSSSNSSKYRLINCNTSAITQACPKINFDPIPIHYCAPAGYAILKCNNKTFNGTGPCNNVSTVQCTHGIKPVVSTQLLLNGSLAEEEIIIRSENLTDNVKTIIVHLNESVEIVCVRPNNNIRKSIRIGPGQVFYTNKIIGDIRQAHCDINGTQWNKTLQQVGKKLKEYFHNKTIIFNASSGGDLEITTHSFNCGGEFFYCNTSKLFNGTYNPNYNDTGGNSSSNIRLSCRIKQFINMWQKVGRAMYAPPIEGNITCRSNITGLLLVRDGGISSTTETFRPGGGNMKDNWRSELYKYKVVEIKPLGIAPTKAKRRVVEREKRAVGIGAVFLGFLGAAGSTMGAASITLTVQARQLLSGIVQQQSNLLRAIEAQQHMLQLTVWGIKQLQARVLAIERYLQDQQLLGIWGCSGKLICTTAVPWNQSWSNKSHEDIWNNMTWMQWDREISNYTGIIYHLLEDSQIQQEKNEKDLLALDSWANLWNWFDITRWLWYIKIFIMIVGGLIGLRIIFAVLSIVNRVRQGYSPLSFQTLTPSPREPDRLGRIEEEGGEQDRDRSIRLVNGFLALAWDDLRSLCLFCYHRLRDFILVAARIVELLGRSSLRGLQRGWEALKYLGNIVQYWGSEIKKSAIDLIDTIAIAVAEGTDRIIEVILRICRAIRNIPVRIRQGFEAALI,C,1,50.0,1,397,3
189,6480_V4_C25,MRVMGIQRNCQQWWIWGILGFWMLMIYNVRGNLWVTVYYGVPVWKEAKTTLFCASDAKGYEKEVHNIWASHACVPTDPNPQELVLENVTENFNMWKNDMVGQMHEDIISLWDQSLKPCVKLTPLCVAMNCTDVNNTNSNNDTSYKELTKCSFVVNTGIKGKKKNESALFYTLDIVKIDGNQSRLISCNTSTITQACPKVSFDPIPIHYCTPAGYAILKCNDKTFNGTGPCNNVSTVQCTHGIKPVVSTQLLLNGSLAEGEIIIRSENLTNNVKTIIVHLNESVQINCTRPNNNTRQSIRIGPGQTFYATKDIIGDIRKAHCNISKDVWSKTLQGVVKKLGEHFPNKTIEFKPPSGGDLEITMHSFNCRGEFFYCNTSGLFDNSLFNNSLETANSTERANITLPCRIKQIINMWQGVGKAIYAPPMAGLISCSSSITGLLLTRDGGGDSKSNTSNDTTSKTETFRPGGGDMRDNWRSELYRYKVVRIEPIGLAPTTAKRRVVEREKRAIGLGALFLGFLGAAGSTMGAASLTLTVQARQLLSGIVQQQNNLLRAIEAQQHLLQLTVWGIKQLQARVLAVERYLRDQQLLGIWGCSGRHICTTNVPWNSSWSNRSVNEIWNNMTWMEWEREIDNYTDLIYSLIQESQTQQEKNEQELLQLDKWASLWNWFSITQWLWYIKIFIMIVGGLIGLRIIFAVLSIVNRVRQGYSPLSFQTLTPNPRGPDRLGGIEEEGGERDRDRSVRLVSGFLALAWDDLRSLCLFCYHRLRDLLLIAARVVELLGSNILRGLQRGWETLKYLGSLVQYWGLELKKSAISLFDATAVAVADWTDRIIKLGQRFGRAILHIPRRIRQGFEAALL,CD,0,0.577,0,397,4
191,DU151_02,MRVREILRNYQQWWIWGTLGFWMLMICNVVGNLWVTVYYGVPVWKEAKTTLFCASDAKAYDKEVHNVWATHACVPTDPNPQEIVLENVTENFNMWKNDMVDQMHEDIISLWDQSLKPCVKLTPLCVTLNCTNAPAYNNSMHGEMKNCSFNTTTEIRDRKQKAYALFYKPDVVPLNRREENNGTGEYILINCNSSTITQACPKVTFDPIPIHYCAPAGYAILKCNNKTFNGTGPCNNVSTVQCTHGINPVVSTQLLLNGSLAEEEIIIRSENLTNNIKTIIVHLNKSVEIVCTRPNNNTRRSIRIGPGQTFYATGEIIGNIREAHCNISKSSWTSTLEQVKKKLKEHYNKTIEFNPPSGGDLEVTTHSFNCRGEFFYCNTTKLFSNNSDSNNETITLPCKIKQIINMWQKVGRAMYAPPIEGNITCKSNITGLLLTRDGGKNTTNEIFRPGGGNMKDNWRSELYKYKVVEIEPLGVAPTKSKRRVVEREKRAVGLGAVLLGFLGAAGSTMGAASITLTVQARQLLSGIVQQQSNLLRAIEAQQHMLQLTVWGIKQLQTRVLAIERYLKDQQLLGLWGCSGKIICTTAVPWNSSWSNKSQEDIWDNMTWMQWDREISNYTGTIYRLLEDSQNQQEKNEKDLLALDSWKNLWNWFNITNWLWYIKIFIMIVGGLIGLRIIFGVLAIVKRVRQGYSPLSFQTLTPSPRGPDRLGRIEEEGGEQDKNRSIRLVSGFLALAWDDLRSLCLFSYHRLRDLILVVTRAVELLGRSSLRGLQRGWEALKYLGNLVQYGGLELKRSAIKLFDTIAIAVAEGTDRILEVIQRICRAIRHIPIRIRQGFEAALL,C,1,50.0,1,397,3
192,92UG001,MRVREIERNYLCLWRWGIMLLGMLMTYSVAEKKWVTVYYGVPVWKEATTTLFCASDAKSYKTEVHNIWATHACVPTDPNPREIELENVTENFNMWKNNMVEQMHEDIISLWDQSLKPCVKLTPLCVTLNCTDRRNETRNNGMENDQIEMKNCSFNITTLIKKQVHALFYLDVDNTSNSNYSNYRLINCNTSAITQACPKVTFEPIPIHYCAPAGFAILKCRDKKFNGTGPCKNVSTVQCTHGIRPVVSTQLLLNGSLAEEEIIIRSENLTNNAKTLIVQLNESVINCTRPYYNQIRQRTIGQGQALYTTRVTGDIRKAYCNISKAGWNKTLQQVAKLGDLFNQTTIIFKPSSGGDPEITTHSFNCGGEFFYCNTSKLFNSAWNDSTWNIGNNTGSDNTIIIPCRIKQIINMWQGVGKAMYAPPIEGWINCSNITGLLLVRDGGGANSSQNETFRPQGGDMRDNWRSELYKYKVVKIEPLGIAPTKAKRRVVEREKRAIGLGAMFLGFLGAAGSTMGAASLTLTVQARQLLSGIVQQQNNLLAIEAQQHLLQLTVWGIKQLQARILAVERYLQDQQLLGSWGCSGRHICTTTVPWNSSWSNKSIDDIWNNMTWMEWEKEIDNYTGIYRLIEESQTQQEKNEQELLQLDKWASLWNWFSITKWLWYIKIFIMIVGGLIGLRIVFTVLSLVNRVRQGYSPLSFQTLFPAPRGPRPEEIEEGGGEQGRGRSTRLVNGFSTLIWDDLRNLCLFSYHRLRDLILIATRIVELLGRRGWEAIKYLWNLLQYWSQELKTSAISLFNAAAVAEGTDRVIEQRRGILNVPTRIRQGLERALL,D,1,50.0,1,397,4
193,CMU02,VKETQMNWPNLWKWGTLILGLVIICSAADNLWVTVYYGVPVWRDADTTLFCASDAKAHETEVHNVWATHACVPTDPNPQEIHLENVTENFNMWKNNMVEQMQEDVISLWDQSLKPCVKLTPFCVTLNCTNATLTNVTNIANASNMIGNITDEIRNCSFNMTTELRDKKQQVHALFYKLDIVQIEDNKNSSNNSSNSSKYSEYRLINCNTSVIKQACPKISFDPIPIHYCTPAGYAILKCNDKNFNGTGPCKNVSSVQCTHGIKPVVSTQLLLNGSLAEEEIIIRSENLTNNAKTIIVHLNKSVEINCTRPFYTRISMTRGPGHVFYRTGKIVGDPRKAYCEINGTKWNEALKQVTEKLKEHFNKTIIFQPPSGGDLEITMHHFNCRGEFFYCNTTKLFNSTGIGNETMKGYNDTITLPCRIKQIINMWQGAGQAMYAPPIKERINCVSNITGILLTRDGGINSTTNETFRPGGGNIKDNWRSELYKYKVVQIEPLGIAPTKAKRRVVEREKRAVGIGAVIFGFLGAAGSTMGAASITLTVQARQLLSGIVQQQSNLLRAIEAQQHLLQLTVWGIKQLQARVLAVERYLKDQQFLGLWGCSGKIICTTAVPWNSTWSNRSYEEIWNNMTWIEWEREISNYTNQIYEILTESQDQQDRNEKDLLELDKWASLWNWFNITNWLWYIKIFIMIVGGLIGLRIIFAVLSIVNRVRQGYSPLSFQIPSHHQREPDRPEGIEEGGGEEGRDRSVRLVSGFLALAWDDLRSLCLFSYHRLRDLLSIATRTVELLGHSSLKGLRRGWEGLKYLGNLLLYWGQELKISAISLLDTTAIAVAGWTDRVIEVAQRAWRAILHIPRRIRQGLERSLL,01_AE,1,50.0,1,397,4
194,UG024_2,VREMQRNYQHLWKWGIMLLGMLMICSGTEEQSWVTVYYGVPVWKEATTTLFCASDAKAYKAEAHNIWATHACVPTDPNPREIQLENVTENFNMWKNNMVEQMHEDVISLWDQSLKPCVKLTPLCVTLNCIEWKNENETKGNKTVDPDKDIGMKNCSFNVTTEVRDKKKQVYALFYKLDVVQMNDNNTNTSYRLINCNTSAITQECPKVTFEPIPIHYCAPAGFAILKCNNKMFNGTGPCNNVSTVQCTHGIRPVVSTQLLLNGSLAEEEIIIRSENITNNAKIIIVHLNESVVINCTRPYNNIRQRTPIGLGQALYTTRRIEDIRRAHCNISEAAWKKTLEQVAKKLKVLFNRTTIDFKPSSGGDPEITTHSFNCGGEFFYCNTSKLFNHSVGENNTLSISNGVNTNITLPCKIKQIVNMWQGVGKAMYAPPIQGLIRCSSNITGLLLTRDGGNTSQNETFRPGGGDMRDNWRSELYKYKVIKIEPLGLAPTRAKRRVVAREKRAIGLGAVFLGFLGAAGSTMGAASLTLTVQARQLMSGIVQQQNNLLRAIEAQQHLLQLTVWGIKQLQARVLAVESYLKDQQLLGVWGCSGRHICPTRVPWNSSWSNKSLDEIWGNMTWMEWEREISNYTGLIYNLIEESQIQQEKNEKDLLELDKWASLWNWFDITNWLWYIRIFIIIVGSLIGLRIVFAVLSLVNRVRQGYSPLSFQTLLPTPRGPDRPGETEEEGGEQGRGRSIRLLNGLSALIWDDLRNLCLFSYHHLRDLILIAARIVGLLGRRGWEAIKYLWNLLQYWIQELKNSAISLFNTTAIVVAEGTDRIIELIQRIGRAILNIPARIRQGLERLLL,D,0,0.0075169601575301,0,397,4
195,92RW008,MRVKGIQRNCQLLTWGTMILGILIICSATENLWVTVYYGVPVWKDAKTTLFCASDAKAYETEKHNVWATHACVPTDPNPQEIHLENVTEDFNMWKNNMVEQMHTDIISLWDQSLKPCVKLTPLCVTLHCSNVTGANSTGTGGEEIKNCSYNITTELRDKRKKVYSLFYRLDIVQLSSNNSNSNEYRLINCNTSAITQACPKVSFEPIPIHYCAPAGFAILKCKDEEFNGTGPCKNVSTVQCTHGIKPVVSTQLLLNGSLAKEKVIIRSENITNNVKTIIVQLVKPVKINCTRPNNNTRTSIRIGPGQSFHATGDIIGDIRQAHCNVSRSEWNEALRQVVEQLRGHFGNKTIIFTNSSGGDIEITTHSFNCGGEFFYCDSSGLFNSTWDNTNITQNSTGSNDTITLQCRIKQIINMWQRAGQAMYAPPIPGVISCVSNITGLLLTRDGGITSANETFRPGGGDMRDNWRSELYKYKVVKLEPLGVAPTRARRRVVEREKRAVGIGAVFIGFLGAAGSTLGAASMTLTVQARQLLSGIVQQQSNLLRAIEAQQHLLKLTVWGIKQLQARVLAVESYLRDQQLLGIWGCSGKLICTTTVPWNASWSNKSYSEIWENMTWLQWDKEISNYTNLIYLIEESQNQQEKNEQDLLALDKWANLWSWFISNWLWYIIFIMIVGGLIGLRVFAVLSIINRVRQGYSPLSFQTHTPNPGGPDRPGRIEEEDGELGRGRSIRLVNGFLALAWDDLRSLCLFSYHRLRDFILIAARTVELLGHSSLKGLRLGWEGLKYLWNLLVYWRELRISATSLVDTIAIVVAGWTDRVIEIVQGIGRAILHIPRRIRQGLERALL,A1,0,1.417,0,397,4
197,DU172_17,MRVMGILRSYQQWWIWGILGFWMLMICNVWGNLWVTVYYGVPVWKEAKTTLFCASDAKAHKEEVHNIWATHACVPTDPNPQEIVLKNVTENFNMWKNDMVDQMHEDIISLWDQSLKPCVKLTPLCVTLNCSDVKIKGTNATYNNATYNNNNTISDMKNCSFNTTTEITDKKKKEYALFYKLDVVALDGKETNSTNSSEYRLINCNTSAVTQACPKVSFDPIPIHYCAPAGYAILKCNNKTFNGTGPCNNVSTVQCTHGIKPVVSTQLLLNGSLAEEEVVIRFENLTNNAKIIIVHLNESVEINCTRPSNNTRKSVRIGPGQTFFATGDIIGDIRQAHCNISRKKWNTTLQRVKEKLKEKFPNKTIQFAPSSGGDLEITTHSFNCRGEFFYCYTSDLFNSTYMSNNTGGANITLQCRIKQIIRMWQGVGQAMYAPPIAGNITCKSNITGLLLTRDGGKEKNDTETFRPGGGDMRDNWRSELYKYKVVEIKPLGIAPDKAKRRVVEREKRAVGIGAVFLGFLGAAGSTMGAASMTLTVQARQLLSGIVQQQSNLLRAIEAQQHMLQLTVWGIKQLQTRVLAIERYLKDQQLLGIWGCSGKLICTTAVPWNASWSNKSYEEIWGNMTWMQWDREINNYTNTIYSLLEESQNQQEKNEKDLLALDSWESLWSWFNITNWLWYIRIFIIIVGGLIGLRIIFAVLSIVNRVRQGYSPLSFQTLTPSPREPDRLGRIEEEGGEQDRARSVRLVNGFLALAWEDLRSLCLFSYHRLRDLILIAARAAALLGRSSLWGLQKGWEALKYLGSLVQYWGLELKKSAISLFDAIAITVAEGTDRIINIVQRISRAFYNIPRRIRQGFEATLQ,C,1,50.0,1,397,3
198,92TH021,MRVKETQMNWPNLWKLGTLILGLVIICSASNLWVTVYYGVPVWRDADTTLFCASDAKAHETEMHNVWATHACVPTDPNPQEIHLENVTENFNMWKNNMVEQMQEDVISLWDQSLKPCVKLTPLCVTLKCTNANLANVNNRTNDSNIIGNITDEIRNCSFNMTTEIRDRKQKVHALFYKLDIVQIEDDKNSSEEYRLINCNTSVIKQACPKISFDPIPIHYCTPAGYAILKCNDKNFNGTGPCKNVSSVQCTHGIKPVVSTQLLLNGSLAEEEIIIRSENLTNAKTIIVHLNKSVEINCTRPSNNTRTSITIGPGQVFYRTGDIIGDIRKAYCEINGTKNEALKQVAEKLKEHFNNKTIIFQPPSGGDLEITTHHFNCRGEFFYCNTTQLFNSTCIGNETMEGCNGTIILPKIKQIINMWQGVGQAMYAPPISGRINCVSNITGILLTRDGGANTTNNETFRPGGGNIKDNWRSELYKYKVVQIEPLGIAPTRAKRRVVEREKRAVGIGAMIFGFLGAAGSTMGAASITLTVQARQLLSGIVQQQSNLLRAIEAQQHLLQLTVWGIKQLQARVLAVERYLKDQKFLGLWGCSGKIICTTAVPWNSTWSNRSFEEIWNNMTWIEWEREISNYTNQIYEILTESQNQQDRNEKDLLELDKWASLWNWFDITNWLWYIKIFIMIVGGLIGLRIIFAVLSIVNRVRQGYSPLSFQTPSHHQRELDRPERIEEGGEQGRDRSVRLVSGFLALAWDDLRSLCLFSYHHLRDFILIAARTVELLGRSSLKGLRRGWEGLKYLGNLLLYWGQELKISAISLLNVTAIAVAGWTDRVIEVAQRAWRALLHIPRRIRQGFERALL,01_AE,1,50.0,1,397,4
199,Q769_D22,MRAMGIQRNWQNLWRWGTMILGMILICCSAAGNLWVTVYYGVPVWRDAETTLFCASDAKAYDREAHNVWATHACVPTDPSPQEVPLGNVTEEFNMWKNNMVEQMHTDIISLWDQSLQPCVKLTPLCVTLNCSNSNNIPSVSNITDDMKEEIKNCSFNMTTELKDKKQNVYSLFYRLDVVPLETKTNQNSSHSRYRLINCNTSAITQACPKVSFEPIPIHYCAPAGFAILKCNDKGFNGTGLCKNVSTVQCTHGIKPVVSTQLLLNGSLAEGKVMVRSENITNNAKNIIIQFNNSVQINCTRPGNNTRKSIHLGPGKVFYATDIIGDIRKAHCNVNRQQWNKTLQDVATQLRTHFRNRTIIFNNSLGGDLEITTHSFNCRGEFFYCNTSGLFNGIWNGTQEPNRTESNDTITLQCRIKQIINMWQRVGQAIYAPPIQGEIRCESNITGLILTRDGGIINSTEETFRPGGGDMRDNWRSELYKYKVVKIEPLGVAPTKAKRRVVEREKRAVGFGAFFLGFLGAAGSTMGAASITLTVQARQLLSGIVQQQNNLLRAIEAQQHLLKLTVWGIKQLQARVLAVERYLKDQQLLGIWGCSGKFICTTTVPWNSSWSNKSQSEIWDNMTWMQWDKEINNYTQIIYDLIEESQRQQEKNEQDLLALDKWANLWNWFDISNWLWYIKIFIMIVGGLIGLRIAFAVLSVINRVRQGYSPLSFQTHTPNPRDLDRPGRIEEEGGEQDRDRSIRLVSGFLALAWDDLRSLCLFSYHRLRDFILVAARTVELLGHISLKGLRRGWEGLKYLGNLLSYWGRELKISAINLLDTIAIVVAEWTDRIIEIGQRLCRAIINIPRRIRQGFERALL,A1,1,50.0,1,397,4
200,SC05_8C11_2344,MRVKETRRNWQHLWKWGTMLLGMLMICSAAGNLWVTVYYGVPVWKEATTTLFCASDAKAYDTEVHNVWATHACVPTDPNPQEVVLGNVTENFNMWKNNMVEQMHEDIISLWDQSLKPCVKLTPLCVTLNCTDVNGTSANVTSIEKGEIKNCSFNITTTIRDKVQKAYATFYSLDVVPIDNDQDNSSSSYRLTNCNTSVITQACPKVSFEPIPIHYCAPAGFALLKCNDKKFNGTGPCTNVSTVQCTHGIRPVVSTQLLLNGSLAEEEVVIRSENFTDNAKTIIVQLNNSVVINCTRPNNNTRKSIPIGPGSVFYTGEIIGDIRQAHCNLSNTDWNNTLKQVVIKLREQFENKTIVFNQSAGGDPEIVLHSFNCGGEFFYCNATQLFNSTWNINGTWNGTNGTTESNDTITLPCRIKQIINMWQEVGKAMYAPPIRGQIRCSSNITGLLLTRDGGNNNTSDTEIFRPGGGDMRDNWRSELYKYKVVKIEPLGIAPTKAKRRVVQREKRAVGTIGAMFLGFLGAAGSTMGAASLTLTVQARLLLSGIVQQQNNLLRAIEAQQHLLQLTVWGIKQLQARVLAVERYLRDQQLLGIWGCSGKLICTTTVPWNASWSNKSLNYIWDNMTWMQWDREINNYTTLIYTLLEDAQNQQEKNEHELLELDKWASLWNWFDITHWLWYIKIFIMIVGGLIGLRIVFAVLSIVNRVRQGYSPLSFQTHLPARREPDRPEGIEGEGGEKDKDRSVRLVHGFLALIWDDLRSLCLFSYHLLRDLLLIVTRIVETLGRRGWEVLKYWWNLLQYWSQELKNSAVSLFDAIAIAAAEGTDRAIEVVRRLFRAFLHIPTRIRQGLERALL,B,0,7.939999999999999,0,397,0
201,6785_V5_C14,MRVRGISRNWQQWWIWGILGFWMIYSGMGRNLWVTVYYGVPVWKEAKTTLFCASDAKAYEREVHNVWATHACVPTDPNPQEMFLVNVTENFRWENDMVDQMHENIISLWDQSLKPCVKLTPLCVTLTCSSVNVTSQDNATYTNSMKGEIKNCSFNITTEIRDKKKKVHALFYKLDVVPLNGGSNSSEYRLINCNTSAITQACPKVSFDPIPIHFCAPAGYAILKCNDKTFNGTGPCNNVSTVQCTHGIKPVISTQLLLNGSLAEGEIIIRSKNLTDNVQTITVHLNESISINCTRPNNNTRKSIRIGPGQIFYATGDIIGDIREAHCNISARQWNAALKSIKAKLKEHFNKTINFTTSSGGDLEITTHSFNCRGEFFYCNTSGLFNETGLFNETHNSTMNDNITLPCRIKQIINMWQEVGRAIYAPPIAGNIACNSNITGLLLTRDGGSINGSEDNTEIFRPGGGNMKDNWRSELYKYKVVEIKPLGIAPTEAKRRVVEREKRAVGGFGAMILGFLGAAGSTMGAASITLTAQARQVLSGIVQQQSNLLRAIEAQQHMLQLTVWGIKQLQARVLAIERYLKDQQLLGLWGCSGKLICTTAVHWNDSWSNKSVKDIWENMTWMQWDKEISNYTNIIYTLLEDSQTQQEKNEKDLLALDSWNSLWSWFDISKWLWYIKIFIIIIGSLIGLRIIFAVLSIVNRVRQGYSPLSFQALTPNPRGPDRLGRIEEEGGEQDRGRSIRLVNGLLALVWVDLRSLCLFLYHRLRDFTLIAARAVELLGRSSLRGLQRGWEALKYLGSLVQYWGGELKQSAVSLFDTIAIAVAEGTDRIIELIQNFCRAIRLIPTRIRQGFEAALQ,C,0,0.335,0,397,2
202,92UG035,MRAMGMRNWQNLWWGTMILGMIIICSAAENLWVTVYYGVPVWKDAETTLFCASDAKAYDTEVHNVWATHACVPTDPNPQEIILENVTENFNMWKNNMVEQMHEDIISLWDQSLKPCVKLTPLCVTLNCTDIDSKSKNATNATIEDIGMKNCSFNVTTEVRDKKKQVHALFYKLDVVPMNKTNYRLINCNTSAITQACPKVTFEPIPIHYCTPAGYAILQCNDKKFNGTGPCNNVSTVQCTHGIKPVVSTQLLLNGSLAKEEIIIRSENLTNNAKIIIVQLKKSVTIKCIRPYNNTREGTHIGPGRALFTTDIIGDIRQAHCNISRTEWNETLQQVAKKLGDLFNKEEIIFKPSSGGDPEITTHSFNCKGEFFYCNTSGLFNGTWSNGTWSNDTSNSANGNGTITLPCRIKQIINMWQGVGKAMYAPPIKGRIQCESNITGLLLTRDGGQTNDSTETFRPGGGDMRDNWRSELYKYKVVRVEPLGLAPTRAKRRVVEREKRAIGLGAVFLGFLGAAGSTMGAASLTLTVQARQLMAGIVQQQNNLLRAIEAQQHLLQLTVWGKQLQARVLAVESYLRDQQLLGIWGCSGKHICTTTVPWNSSWSNRSLDEIWGNMTWMEWEREIDNYTIIYSLIEESQTQQEKNEQELLQLDKWASLWNWFNITNWLWYIKIFIMIVGGLIGLRIVFAVLSLVNRVRQGYSPLSLQTLFPAPRGPDRPGGIEEEGGEQGRNRSTRLVSGFLALAWDDLRSLCLFSYHRLRDFILIATRAVELLGHSSLKGLRLGWEGLKYLGNLLLYWGRELKISAINLLDTIAIAVAEGTDRVIEIVQRAVRAILNIPTRIRQGLERALL,A1D,0,0.361,0,397,4
203,93UG082,MRVREMKRNYQHLWRWGTMLLGMLMICNATEQLWVTVYYGVPVWKEATTTLFCASDAKAYKAEAHNVWATHACVPTDPNPQEINLENVTENFNMWKNNMVEQMHEDIISLWDQSLKPCVKLTPLCVTLKCIKWGNTNATNATSANNATGENIEMKNCSFNITTEIRDKKKQVHALFYKLDVVPIDNENASYRLINCNTSAITQACPKVTFEPIPIHYCAPAGFAILKCNDKKFNGTGPCKNVSTVQCTHGIRPVVSTQLLLNGSLAEEEIIVRSENLTNNAKIIIVQLNESVTITCARPYNNTRQGTHIGPGQAYFTTNIVGDIRQAHCNISGTAWNKTLKQVAKKLGNLFNRTTIIFQPPSGGDPEITTHSFNCRGEFFYCNTSKLFNTFIFDNGEWKNNSEITGNITLPCRIKQIINMWQEVGKAMYAPPIAGLIKCSSNITGLLLTRDGGINNDNETFRPGGGDMRDNWRSELYKYKVVRIEPLGLAPTRAKRRVVEREKRAIGLGALFLGFLGTAGSTMGAASLTLTVQARQVLSGIVQQQNNLLRAIEAQQHLLKLTVWGIKQLQARVLAVESYLKDQQLLGVWGCSGRHICTTSVPWNSSWSNKSLETIWNNMTWMEWEREIDNYTGLIYNLIEESQTQQERNEQELLKLDQWASLWNWFSITKWLWYIKIFIMIVGGLIGLRIIFAVLSVVNRVRQGYSPLSFQTLLPAPRGLDRPEGIEEEGGEQGRGKSIRLVNGFLALIWDDLRNLCLFSYHRLRDLILIAARIVELLGRRGWEAIKYLWNLLQYWIQELKNRAISLLDTTAIAVAEGTDRIIEILQRAGRAVLNIPRRIRQGLERALL,D,1,50.0,1,397,4
207,CNE21,MKVTGIRKNYRHLWRWGIMLLGMLMICRAVENLWVTAYYGVPVWKEATTTLFCASDAKAYDTEVHNVWATHACVPTDPNPQEVFLKNVTENFNMWKNGMVDQMHEDVISLWDQSLKPCVKLTPLCVTLECKNVSSNSNGTNNKTYHDSKEEMKNCSFNATTELRDKKQTVYALFYKLDIVPLKKNSSKNSSEYYRLINCNTSAITQACPKATFDPIPIHYCTPAGYAILKCNDKRFNGTGPCNNVSTVQCTHGIKPVVSTQLLLNGSLAEGEIIIRSENLTNNVKTIIVHLNQSVEIVCTRPGNNTRKSIRIGPGQTFYATGDIIGDIRQAHCNISETEWNNTLQRVSKKLAEHFPNKTIQFESSSGGDLEITTHSFNCRGEFFYCNTSGLFNGTYMYHNNTQSNSSKIITIPCRIKQIINMWQEVGRAMYAPPIEGNITCNSSITGLLLERDGGMTNETNKTETFRPGGGDMRNNWRSELYKYKVVEIKPLGVAPTAAKRRVVEREKRAVGIGAVFFGFLGVAGSTMGAASMTLTVQARQLLSGIVQQQSNLLRAIEAQQHLLQLTVWGIKQLQTRVLAIERYLKEQQLLGIWGCSGKLICTTTVPWNSSWSNKSQEEIWNNMTWMQWEKEIGNYTNTIYELLEESQNQQERNEKDLLALDSWKNLWNWFDITNWLWYIKIFIMIIGGLIGLRIIFAVLSIVNRVRQGYSPLSFQTLTPNPGGLDRLGRIEEEGGEQGNNRSIRLVNGFLALAWDDLRNLCLFSYHRLRDFISVTARAVELLGSSILRELQRGWEALKYLGSLVQYWGQELKKRTINLIDIIAIAVAEGTDRVIEIVQGFCRAICHIPRRIRQGFEAALQ,07_BC,0,0.0453899633331709,0,397,4
208,MW965_26,VMGIRKNWQQLWIWGILGFGMLMICDMKGLWVTIYYGVPVWKEAKTTLFCASEAKAYEKEVHNVWATHACVPTDPNPQEMVLENVTENFNMWKNDMVNQMHEDIISLWDQSLKPCVKLTPLCVTLNCTNANGTNNNGTVNVNDTMYGEIKNCSFNMTTELRDKKKQVYALFYKLDIVSLNENSNNSSEYRLINCNTSVITQACPKVTFDPIPIHYCAPAGYAILKCNNKTFTGIGPCKNVSTVQCTHGIKPVVSTQLLLNGSLAEEEIIVRSENLTDNVKTIIVHLNESVEIVCTRPNNNTRKSVRIGPGQTFYATGAIIGDIRQAHCNISTIKWNKTLQGVEKKLKEHFPNKTIEFKPSSGGDLEITTHSFNCRGEFFCCNTSNLFTSNLFTDNLTNTTNITLPCRIKQIINMWQGVGRAMYAPPIAGNITCKSNITGLLLTRDGGENNRTETFRPGGGDMKDNWRSELYKYKVVEIKPLGVAPTGANRRVVEREKRAVGIGAVFLGFLGAAGSTMGAASITLTVQARQLLSGIVQQQSNLLRAIEAQQHMLQLTVWGIKQLQARVLAIERYLRDQQLLGMWGCSGKLICTTAVPWNSSWSNKTYNDIWNNMTWMQWDREISNYTDTIYRLLEDSQNQQERNEKDLLALDSWNNLWNWFNITNWLWYIKIFIMIVGGLIGLRIIFAVLSIVNRVRQGYSPLSFQTLTPNPRGLDRLGGIEEEGGEQDRDRSIRLVSGFLPLAWDDLRSLCLFSYHQLRDFILIVARAVELLGRSSLRGLQRGWEALKYLGSLVQYWGLELKRSAISLLDTIAITVAEGTDRLIEVVQRIRRAICNIPRRIRQGFETALL,C,0,3.66,0,397,2
209,ZM106_9,MKVREILRNWRQWWIWGILGFWMLMICNVVVGNLWVTVYYGVPVWKEAKTTLFCASDAKAYEREVHNVWATHACVPTDPSPQEMVLENVTENFNMWKNDMVDQMHEDIISLWDQSLKPCVKLTPLCVTLKCVNVNATSKSNASATNDGSGEMKNCTFNITTEIRDKKRNESALFYKLDIVPLTNDNNSGEYRLINCNTSAMTQACPKVSFDPIPIHYCAPAGYAILKCNNKTFNGTGPCYNVSTVQCTHGIKPVVSTQLLLNGSLAEGEIIIRSENLTDNVKTIIVHLNESIHITCTRPNNNTRKSIRIGPGQTFYATGEIIGDIRKAYCNISEEKWNKALQEVGKKLKEHFPNKTIKFAPSSGGDLEITTHSFNCRGEFFYCNTSKLFNSTYMHNATSRNATNATITLPCRIRQIINMWQEVGRAMYAPPIAGNITCVSNITGLLLVRDGGNGDTNDTETFRPGGGDMKNNWRSELYKYKVVEIKPLGVAPTEAKRRVVEREKRAVGIGAVLLGFLGAAGSTMGAASITLTAQARQVLSGIVQQQSNLLRAIEAQQHLLQLTVWGIKQLQTRVLALERYLKDQQLLGLWGCSGRLICTTAVPWNSSWSNKSLTDIWDNMTWMQWDKEVSNYTNTIYRLLEDSQSQQEKNEKDLLALDSWKNLWTWFDISNWLWYIKIFIMVVGGLIGLRIIFAVISIVNRVRQGYSPLSLQTLTQSPGGPDRLGRIEEEGGEQDRDRSIRLVNGFLTLAWDDLRSLCLFSYHRLRDFILIAARVVELLGHSSLRGLQKGWEALKYLGSLVQYWCLELKRSAISLLDSIAMAVAEGTDRIIELVQRICRGIYHIPRRIRQGFEAALQ,C,0,0.3430407746464648,0,397,2
210,BAL_26,MRVTEIRKSYQHWWRWGIMLLGMLMICNAEEKLWVTVYYGVPVWKEATTTLFCASDAKAYDTEVHNVWATHACVPTDPNPQEVKMENVTENFNMWKNNVVEQMHEDIISLWDQSLKPCVKLTPLCVTLNCTDLKNATNGNNTNTTSSSGGMMGGGEMKNCSFNITTNIRGKVQKEYALFYELDIVPIDNKIDSYRLISCNTSVITQACPKVSFEPIPIHYCAPAGFAILKCKDKKFNGKGPCSNVSTVQCTHGIRPVVSTQLLLNGSLAEEEVVIRSENFTNNAKIIVVQLNESVEINCTRPNNNTRKSIHIGPGRAFYTTGEIIGDIRQAHCNLSRAKWNDTLNKIVIKLREQFGNKTIVFKHSSGGDPEIVTHSFNCGGEFFYCNSTQLFNSTWNVTEESNNTVENNTITLPCRIKQIINMWQEVGRAMYAPPIRGQIRCSSNITGLLLTRDGGPEDDKTEVFRPGGGDMRDNWRSELYKYKVVKIEPLGVAPTKAKRRVVQREKRAVGIGAVLLGFLGAAGSTMGAASMTLTVQARLLLSGIVQQQNNLLRAIEAQQHLLQLTVWGIKQLQARVLAVERYLRDQQLLGIWGCSGKLICTTAVPWNASWSNKSLNKIWDNMTWMEWDREINNYTSIIYSLIEESQNQQEKNEQELLELDKWASLWNWFDITKWLWYIKIFIMIVGGLIGLRIVFSVLSIVNRVRQGYSPLSFQTHLPASRGPDRPGGIEEEGGERDRDRSGPLVNGFLTLIWVDLRSLFLFSYHRLRDLLLIVTRIVELLGRRGWEVLKYWWNLLQYWSQELKNSAVSLLNTIAIAVAEGTDRVIEVVQRAVRAILHIPRRIRQGLERALL,B,0,0.0470914004888365,0,397,0
211,57128_VRC15,MRVRGIERNYQHLWWRWGTMLLGILMICSAAEQLWVTVYYGVPVWKEATTTLFCASDAKAYKAEAHNIWATHACVPTDPNPQEIVLGNVTENFNMWKNDMVEQMHEDIISLWEQSLKPCVKLTPLCVTLNCTNATATNATATSQNSTDGSNKTVNTDTGMKNCSFNVTTDLKDKKRQDYALFYKLDVVQIDDKNTNGTNTNYRLINCNTSAITQACPKITFEPIPIHYCAPAGYAILKCNNKTFNGTGPCKNVSTVQCTHGIRPVVSTQLLLNGSLAEEEIVIRSENLTNNAKIIIVQLNEAVTINCTRPSNNTRRSVHIGPGQAIYSTGQIIGDIRKAHCNISRKEWNSTLQQVTKKLGSLFNTTKIIFNASSGGDPEITTHSFNCNGEFFYCNTAGLFNSTWNRTNSEWINSKWTNKTEDVNITLQCRIKQIINMWQGVGKAMYAPPVSGIIRCSSNITGLLLTRDGGGADNNRQNETFRPGGGDMRDNWRSELYKYKVVRIEPLGIAPTKARRRVVEREKRAIGLGALFLGFLGTAGSTMGAVSMTLTVQARQVLSGIVQQQNNLLRAIKAQQHLLQLTVWGIKQLQARILAVESYLKDQQLLGIWGCSGKHICTTNVPWNSSWSNKSLDYIWKNMTWMEWEKEIDNYTELIYSLIEVSQIQQEKNEQELLKLDSWASLWNWFSITKWLWYIKIFIMIVGGLIGLRIVFAVLSLVNRVRQGYSPLSFQTLIPASRGPDRPEGTEEGGGEQDRDRSIRLLSGFSALIWDDLRNLCLFSYHRLRDLILIVTRIVTLLGRRGWEAIKYLWNLLQYWIQELKNSAISLFDATAIAVAEGTDRAIEIIQRVGRAILNIPTRIRQGLERALL,D,1,50.0,1,397,4
212,ADA,MRVKEKYQHLWRWGWKWGTMLLGILMICSATEKLWVTVYYGVPVWKEATTTLFCASDAKAYDTEVHNVWATHACVPTDPNPQEVVLENVTENFNMWKNNMVEQMHEDIISLWDQSLKPCVKLTPLCVTLNCTDLRNVTNINNSSEGMRGEIKNCSFNITTSIRDKVKKDYALFYRLDVVPIDNDNTSYRLINCNTSTITQACPKVSFEPIPIHYCTPAGFAILKCKDKKFNGTGPCKNVSTVQCTHGIRPVVSTQLLLNGSLAEEEVVIRSSNFTDNAKNIIVQLKESVEINCTRPNNNTRKSIHIGPGRAFYTTGEIIGDIRQAHCNISRTKWNNTLNQIATKLKEQFGNNKTIVFNQSSGGDPEIVMHSFNCGGEFFYCNSTQLFNSTWNFNGTWNLTQSNGTEGNDTITLPCRIKQIINMWQEVGKAMYAPPIRGQIRCSSNITGLILTRDGGTNSSGSEIFRPGGGDMRDNWRSELYKYKVVKIEPLGVAPTKAKRRVVQREKRAVGTIGAMFLGFLGAAGSTMGAASITLTVQARLLLSGIVQQQNNLLRAIEAQQHLLQLTVWGIKQLQARVLAVERYLRDQQLLGIWGCSGKLICTTAVPWNASWSNKSLEQIWNHTTWMEWDREINNYTSLIHSLIEESQNQQEKNEQELLELDKWASLWNWFNITNWLWYIKLFIMIVGGLVGLRIVFAVLSIVNRVRQGYSPLSFQTHLPTPRGPDRPEGIEEEGGERDRDRSIRLVNGSLALIWDDLRSLCLFSYHRLRDLLLIVTRIVELLGRRGWEALKYWWNLLQYWSQELKNSAVNLLNATAIAVAEGTDRVIEVLQAAYRAIRHIPRRIRQGLERILL,B,0,25.75426178324667,0,397,0
213,00836_2_5,MRVRGIRRNYQHWWIWGILGFWMLMICKGGREDLWVTVYYGVPVWKEAKTTLFCASDAKAHEREVHNVWATYACVPTDPNPQEIVLKNVTENFNMWENDMVDQMQEDVISLWDQSLKPCIKLTPLCVTLECTNVNIINGTIHNETYESMKNCSFNTTTELKDKKQSVYALFYRLDIVPLNNSNEYYRLINCNTSAIKQACPKVTFDPIPIHYCAPAGYAILKCNDKTFSGTGPCHNVSTVQCTHGIKPVVSTQLLLNGSLAEGEIIIRSKKLDDNANTIIVHLDEPVKIECTRPNNNTRKSIRIGPGQTFYATGEIIGNIRQAHCDISEDQWNETLQRVGKKLAELFPNKTITFNSSSGGDLEITTHSFNCRGEFFYCNTSSLFKGTYRPNGTSNSTSGSIITLPCYIKQVINLWQEVGRAIYAPPIEGNITCISNITGLLLVRDGGNHEEANTTETFRPGGGNMRDNWRSELYKYKVVEIKPLGVAPTKARRRVVEREKRAVGVGAVMFLGFLGAAGSTMGAASITLTVQARQLLSGIVQQQSNLLKAIEAQQHLLQLTVWGIKQLQTRVLAIERYLKDQQLLGIWGCSGKLICTTSVPWNSSWSNNRSQDDIWENMTWMQWDREISNYTNTIYRLLEDSQNQQENNEKDLLALDSWKNLWSWFDITNWLWYIRIFIIIVGGLIGLRIIFAVLSIVNRVRQGYSPLSFQTLTPNPGGLDRLGRIEEEGGEQDKTRSIRLVSGFLALAWDDLRSLCLFSYHRLRDFILVTARAGELLGRSSLWGLQKGWEALKYLGSLVQYWGLELKKSAINLLDITAIAVAEGTDRIIELVQRIYRAIRNIPRRIRQGFEAALQ,C,1,50.0,1,397,3
214,6405_V4_C34,MRVREMKRNCQNLWKGGTLLLGILMICSAANDLWVTVYYGVPVWKEAKTTLFCASDAKSYETEAHNIWATHACVPTDPNPQEVELVNVTENFNMWKNDMVDQMHEDIISLWDESLKPCVKLTPLCVTLQCSEMKNGTRGASNSTGTNNGTISSTDRMNCSFNATTVVNDKQKKVHALFYRLDIEPIGNNSTEYMLINCNTSAIAQSCPKITFEPIPIHYCAPAGFALLKCRDKQFNGTGPCTNVSSVQCTHGIKPVVSTQLLLNGSLAEEDIIIRSENLTDNTKTIIVQLNKSIAINCTRPYNNTRQRIHIGPGQAIWTNDARVIVGDIRQAHCNVSRVDWNNMTQWAATKLGSLYNRSTIIFNHASGGDPEITTHSFTCGGEFFYCNTSGLFNSTWDIMNTSSPNNTDPIITLQCRIKQIINMWQGVGRAIYAPPIAGQILCSSNITGLLLTRDGGADNSSHNETFRPGGGNMKDNWRSELYKYKVVKIEPLGIAPTKARRRVVEREKRAIGLGAMFLGFLGAAGSTMGAASVTLTVQARQLLSGIVQQQSNLLRAIQAQQHLLQLTVWGIKQLQARVLAVERYLKDQQLLGIWGCSGKHICTTNVPWNSSWSNRSLDDIWQNMTWMQWEREIDNYTGLIFSLIEESQIQQEKNEKELLELDKWASLWTWFNITQWLWYIKIFIMIVGGLIGVRIVFAVLSVVNRVRQGYSPLSFQTLLPAPRGPDRPGEIEEEGGERGRDRSIRLVNGFSALIWDDLRNLCLFSYHRLRDLLLITARIVELLGRRGWEALKYLWSLLQYWSQELRNSASSLIDAIAIAVAEGTDRVLEIVQRACRAVINVPVRIRQGLERLLL,D,0,21.200000000000003,0,397,4
217,CNE10,MRVTGIRNNYQHLWKWGTMLLGMLMICSAAENLWATVYYGVPVWKEATTTLFCASDARAYDTEVHNIWATHACVPTDPNPQEVVLGNVTENFNMWINDMVEQMHEDIISLWDQSLKPCVKLTPLCVTLNCSNLNTTNTSSTIEGGEIKNCSFNITTSISTKVKDYAIFNKLDIVPIGNDTTSYILINCNTSVITQACPKVSFEPIPIHYCTPAGFAILKCNNKTFQGTGPCTNVSTVQCTHGIRPVVSTQLLLNGSLAEEEVVIRSSNFSNNAKVIIVQLNKSVEINCTRPNNNTRKSISLGPGRAWYATGQIIGNIRQAHCNLSRTEWNNTLKQIVNKLREQYGNKTIIFNQSSGGDLEIVMHSFNCGGEFFYCNTSQLFNSTWNVTGTVNGTTGNGTITLPCSIKQIVNRWQEVGRAIYAPPIRGQIRCSSNITGLLLTRDGGNESTTTETETFRPAGGDMRDNWRSELYKYKVVKIEPLGVAPTKAKRRVVQREKRAVGTIGAMFLGFLGAAGSTMGAASITLTVQARQLLSGIVQQQRNLLRAIEAQQHLLQLTVWGIKQLQARVLAVERYLKDQQLLGIWGCSGKLICTTTVPWNSSWSNKSLSEIWDNMTWMEWEREIANYTREIYTLIEESQNQQEKNELELLELDKWASLWNWFDITKWLWYIRIFIMIVGGLVGLRIVFAVLSIVNRVRQGYSPLSLQTHFPAQRGPGRPEGIEEEGGEQDRDRSERLVNGLLTLFWEDLRNLCLFSYHRLRDLLLIVARIVELLGRRGREALRYWWNLLQYWSQELKNSAISLLNATAIAVAEGTDRVIEVIQRVYRAILNIPTRIRQGLERALL,B,0,3.1,0,397,0
218,DRVI01_0507_13,MRVMGIRKNYQHLWRWGTMLLGMLMICSAAENLWVTVYYGVPVWKEANTTLFCASDAKAYDTEAHNVWATHACVPTDPNPQEVVLKNVTENFNMWKNNMVEQMHEDIISLWDQSLKPCVRLTPLCVTLNCTNYNNTSSNTSSTTEGGEIKNCSFNITTSIKTKVKDYALFYNLDIVQINNDSNSYRLINCNTSVITQACPKISFEPIPIHYCAPAGFAIIQCNNKKFNGTGPCTNVSTVQCTHGIRPVVSTQLLLNGSLAEEEVVIRSSNFSENARIIIVQLNKSVEINCTRPNNNTRKSIHLGPGRAWYATGEIIGDIRQAHCNISRAKWNNTLRQIVEKLREQFGNKTIIFNQSSGGDPEIVMHSFNCGGEFFYCNTTQLFNSTWNENSTWNETSTENNIITLPCRIKQIVNMWQEVGKAMYAPPISGQIRCSSNITGLLLTRDGGNETSTTETFRPGGGDMRDNWRSELYKYKVVKIEPLGVAPTKAKRRVVQREKRAVTFGAMFLGFLGAAGSTMGAASITLTVQARQLLSGIVQQQRNLLRAIEAQQHLLQLTVWGIKQLQARVLAVERYLKDQQLLGIWGCSGKLICTTAVPWKAEWSNKSQSEIWDNMTWMEWEREIENYTSTIYALIEESQNQQEKNELELLELDKWASLWNWFDITKWLWYIKIFIMIVGGLVGLRIIFAVLSIVNRVRQGYSPLSLQTRFPAQRGPDRPEGIEEEGGERDRDRSERLVNGFLTLFWEDLRNLCLFSYHLLRDFLLIVARIVELLGRRGWEALRYWWNLLQYWIQELKNSAISLLNATAIAVAEGTDRVIEVAQRAFRAILNIPTRIRQGLERALL,B,0,0.3400000000000001,0,397,0
219,CH038_12,MRVTGIKKNYWHLWRWGTLLLGMLMICSAVKDRWVTVYYGVPVWREANTTLFCASDAKAYDTEVHNVWATHACVPTDPKPQEVFLKNVTENFNMWKNEMVNQMHEDVISLWEQSLKPCVKLTPLCVTLKCNDVNSTSNGTSNGTDHKNMNEMKNCSFNTTTELRDRKKSEYALFYRLDIVPLDENSNEYILINCNTSAITQACPKVTFDPIPIHYCAPAGYAILKCNDTKFNGTGPCHNVSTVQCTHGIKPVVSTQLLLNGSLAEEEIMIRSENLTDNAKIIIVHLNQSVEINCTRPGNNTRRSIRIGPGQTFYATGDIIGDIRKAHCNISRERWNETVQRVVKKLAEHFPNKTIKFESSSGGDLEITTHSFNCGGEFFYCNTSGLFNGTYMPNGTKINDTERNLSSTITIPCRIKQIINMWQGVGQAMYAPPIKGNIACKSNITGLLLTRDGGRSNETNDTETFRPEGGNMKDNWRSELYKYKVVEIKPLGVAPTEAKRRVVKREKRAALGAVFLGFLGLAGSTMGAASIALTAQARQLLSGIVQQQSNLLRAIEAQQHLLQLTVWGIKQLQTRVLAIERYLTDQQLLGMWGCSGKLICTTAVPWNTSWSNKSLEKIWKNMTWMQWDKEISNYTDTIYRLLEVSQNQQEENEKDLLALDNWKSLWNWFDITNWLWYIKIFIMIVGGLIGLRIIFAVLSIVNRVRQGYSPLSFQTLTPNPGGPDRLGRIEEEGGEQDKDRSIRLVSGFLALAWDDLRNLCLFSYHRLRDFILVATRVVELLGRNSLRVLQRGWEALKYLGSLVQYWGQELKKSAISLFDTIAIAVAEGTDRIIKLVQRLCRAIYNIPRRIRQGFEAALQ,07_BC,0,0.202,0,397,4
220,DRVI01_0507_12,MRVMGIRKNYQHLWRWGTMLLGMLMICSAAEDLWVTVYYGVPVWKEANTTLFCASDAKAYDTEAHNVWATHACVPTDPNPQEVDLKNVTENFNMWKNNMVEQMHEDIISLWDQSLKPCVKLTPLCVTLNCTNYNNTSSNTSSTTEGGEIKNCSFNVTTSINTKVKDYALFYNLDIVQIGNDSTSYRLINCNTSVITQACPKISFEPIPIHYCAPAGFGIIKCNDKMFNGTGPCTKVSTVQCTHGIRPVVSTQLLLNGSLAEEEVVIRSSNFTENAKIIIVQLNKSVEINCTRPNNNTRKSIHLGPGRAWYATGEIIGDIRQAHCNISRTKWNNTLRQIVEKLREQFGNKTIIFNQSSGGDPEIVMHNFNCGGEFFYCNTTQLFNSTWYKNSTWNETSTENDTITLPCRIKQIVNMWQEVGKAMYAPPIRGQIRCSSNITGLLLTRDGGNETNTTETFRPGGGNMRDNWRSELYKYKVVKIEPLGVAPTKAKRRVVQREKRAALGAMFLGFLGAAGSTMGAASITLTVQARQLLSGIVQQQRNLLRAIEAQQHLLQLTVWGIKQLQARVLAVERYLKDQQLLGIWGCSGKLICTTTVPWNASWSNKSQSEIWDNMTWMEWEREIENYTSTIYTLIEQSQNQQEKNELELLELDKWASLWNWFDITKWLWYIKIFIMIVGGLVGLRIVFAVLSIVNRVRQGYSPLSLQTRFPAQRGPDRPEGIEEEGGERDRDRSERLVNGFLTLFWEDLRNLCLFSYHLLRDFLLIVARIVELLGRRGWEALRYWWNLLQYWIQELKNSAISLLNATAIAVAEGTDRVIEVAQRAFRAILNIPTRIRQGLERALL,B,0,1.56,0,397,0
221,6244_13_B5_4567,MTVKGIRKNYQHLWKWGIMLLGILMICSAEEDTWVTVYYGVPVWKEATTTLFCASDAKAYDTEVHNVWATHACVPTDPNPQEVVLGNVTENFNMWKNNMVEQMHEDIISLWDQSLKPCVKLTPLCVTLNCTDYWNTNNTNTTASTTTTSTPTSSNIGGMMKKGEIQQCSFNITTTIKDKVQKEYALFYRTDVVPINDDVKNNNNDSVKNSTKYTNYRLINCNTSVITQACPKITFEPIPIHYCAPAGFAILKCNNKTFEGKGPCTNVSTVQCTHGIRPVVSTQLLLNGSLAEEEIVIRSDNFSNNAKIIIVQLNESVVIDCTRPSNNTRKSIHMGPGGAFYATGSIIGDIRQAHCNISRAKWNDTLNQIAIKLRKQFNKTTIIFKQSSGGDPEIVMHSFNCGGEFFYCNTSQLFNSTWNGTEGFNSTGSENITLPCRIRQVVNLWQEVGKAMYAPPIRGVIKCSSNITGVLLTRDGGYDDNNTANTNETFRPGGGDMRDNWRSELYKYKVVRIEPLGVAPTRAKRRVVQREKRAVTLGALFLGFLGAAGSTMGAASLTLTVQARLLLSGIVQQQNNLLRAIEAQQHLLQLTVWGIKQLQARVLAVERYLRDQQLLGIWGCSGKLICTTTVPWNASWSNRSIDQIWDNMTWMQWENEISNYTDLIYSLIEKSQNQQEQNEQDLLKLDEWASLWNWFDISKWLWYIKIFIMIVGGLIGLRIIFTVVNIVYRARQGYSPLSFQTHLPVPRGPDRPEGIEENGGDRDRDRSGHLVDGLLTLIWVDLRSLCIFSYHRLRDLLLIVTRIVELLGRRGWELLKYWWNLLQYWSQELKNSAVSLLNATAVAVAEGTDRVIEVVQRFCRGVLHIPRRIRQGLERALL,B,0,0.1119999999999999,0,397,0
223,CAAN5342,MRVKEIRKNYRHLWKWGIMLLGMLMICSATENLWVTVYYGVPVWKEATTTLFCASDAKGYEKEVHNVWATHACVPTDPNPQEVVLENVTENFNMWKNNMVEQMHEDIISLWDQSLKPCVKLTPLCVTLNCSDVNTTSVNTTASSMEGGEIKNCSFNTTTSMSDKMQKEYALFYTLDVVPIVKENNTYRLISCNTSVITQACPKVSFEPIPIHYCAPAGFAILMCNNKTFDGKGPCNNVSTVQCTHGIKPVVSTQLLLNGSLAEEEVVIRSDNFTDNAKTIIVHLNESIEITCTRPNNNTSKSITIGPGRAFYATGRIIGDIRKAHCNISGEKWHNALEQIVKKLGEKFENATTIRFNQSSGGDQEIVMHTFNCGGEFFYCNSTQLFNSTWWPNGTTTEWSNETSNGTITLPCRIKQIINMWQEVGKAMYAPPISGPISCSSNITGLLLVRDGGNDNETNGTETFRPGGGDMRDNWRSELYKYKVVKIEPLGVAPTKAKRRVVQREKRAVGLGAMFLGFLGAAGSTMGAASITLTVQARLLLSGIVQQQNNLLRAIEAQQHLLQLTVWGIKQLQARVLAIERYLKDQQLLGIWGCSGKLICTTAVPWNSSWSNKSLKWIWDNMTWMEWEKEIDNYTGIIYNLLEESQNQQDKNEKELLELDKWASLWTWFDITNWLWYIKIFIMIVGGLVGLRIVFAVLSIVNRVRQGYSPLSFQTRLPAPRGLDRPEGTEEEGGDRDKDRSIRLVDGFLALIWDDLRSLCLFSYHRLRDLLLIVARVVEILGHRGWEILKYWWNLLQYWSQELKNSAVSLLNATAIAVAEGTDRIIEVLQRIGRAILHIPTRIRQGLERALL,B,0,3.091136262635927,0,397,0
224,92RW020_2,MRVRGIQTSWQNLWRWGTMILGMLMIYSAAENLWVTVYYGVPVWKDAETTLFCASDAKAYDTEVHNVWATHACVPTDPNPQEIHLENVTEDFNMWKNNMVEQMHTDIISLWDQSLKPCVKLTPLCVTLDCNATASNVTNEMRNCSFNITTELKDKKQQVYSLFYKLDVVQINEKNETDKYRLINCNTSAITQACPKVSFEPIPIHYCAPAGFAVLKCKDTEFNGTGPCKNVSTVQCTHGIRPVISTQLLLNGSLAEEGIQIRSENITNNAKTIIVQLDKAVKINCTRPNNNTRKGVRIGPGQAFYATGGIIGDIRQAHCNVSRAKWNDTLRGVAKKLREHFKNKTIIFEKSSGGDIEITTHSFNCGGEFFYCSTSGLFNSTWESNSTESNNTTSNDTITLTCRIKQIINMWQKVGQAMYAPPIQGVIRCESNITGLLLTRDGGNNSTNEIFRPGGGNMRDNWRSELYKYKVVKIEPLGVAPSRAKRRVVEREKRAVGIGAVFLGFLGAAGSTMGAASITLTAQARQLLSGIVQQQSNLLRAIEAQQHMLKLTVWGIKQLQARVLAVERYLKDQQLLGIWGCSGKLICTTNVPWNSSWSNKSMNEIWDNMTWLQWDKEISNYTQIIYNLIEESQNQQEKNEQDLLALDKWASLWNWFDISRWLWYIKIFIMIVGGLIGLRIVFAVLSVINRVRQGYSPLSFQIRTPNPKEPDRLGRIDGEGGEQDRDRSIRLVSGFLALAWDDLRSLCLFSYHRLRDFISIAARTVELLGHSSLKGLRLGWEGLKYLWNLLLYWGRELKTSAVNLVDTIAIAVAGWADRVMEVGQRIFRAILNIPRRIRQGLERGLL,A1,1,50.0,1,397,4
225,26191_2_48,MRVRETQRNYLQWWIWGVLGFWMLMNCNVGGNLWVTVYYGVPVWKEAKTTLFCASDAKAYEKEVHNVWATHACVPTDPNPQEIVLGNVTEDFNMWKNDMVDQMHEDVISLWDQSLKPCVKLTPLCVTLDCANVTSNITNGEEIKNCSFNATTDVRDKKKTVYSLFYRLDIVQLDGRSNTSNYRLINCNTSTITQACPKVSFDPIPIHYCAPAGYAILKCNNKTFNGKGPCHNISTVQCTHGIKPVVSTQLLLNGSLAEEEIIIRSENLTNNVKTIIVHLNKPVKIVCTRPGNNTRKSIRIGPGQTFYATGEIIGNIRQAHCNISKEEWNKTLQGVGEKLAEHFPNKTIEFTSPSGGDLEITTHSFNCRGEFFYCNTSDLFNGIYNGTYIPKGNLNSTITIQCKIKQFINMWQEVGRAMYAPPIQGNITCESNITGLLLVRDGGNSNSTEEIFRPGGGDMRDNWRSELYKYKVVEIKPLGVAPTDAKRRVVERGKRAALGAVFLGFLGAAGSTMGAASITLTVQARQLLSGIVQQQSNLLRAIEAQQHLLQLTVWGIKQLQTRVLAIERYLKDQQLLGIWGCSGKLICTTAVPWNISWSNKSYHEIWDNMTWMQWDKEISNYTDQIYRLLEVSQNQQESNEKDLLALNSWNSLWNWFDITNWLWYIKIFIMIVGGLIGLRIIFAVLSIVNRVRQGYSPLSFQTLIPNPGGPDRLGRIEEEGGEQDRDRSIRLVNGFLALAWDDLRSLCLFSYHRLRDLISLTARVVELLGHSSLRGLQKGWAALKYLGSLVQYWVLELKRSAISLLDRIAIAVAEGTDRVIELLQGICRAIRNVPRRIRQGFEAALQ,C,1,50.0,1,397,3
226,NKU3006_EC1,MRVKGTERNYQHLWKWGMMLLGMLMICNVTGKLWVTVYYGVPVWKEATTTLFCASDAKSYEAEAHNIWATHACVPTDPNPREIKLENVTEHFNMWKNNMVEQMHKDIISLWDQSLKPCVKLTPLCVTLNCTDVKNETIAKTFNKNKTMKNETMKNLNDTIKNLNETMTNCSFRVTTELRDKEKQVHALFYRLDVVKTDGGNNSYRLINCNTSVITQACPKITFEPIPIHYCAPAGFAILKCNNKTFNGTGPCKNVSTVQCTHGIKPVVSTQLLLNGSLAEEETIIRSENITNNAKTIIVQLNESVTINCTRPSNNTRQSIRIGPGQAFYTTEVIGNIRLAFCEINGTEWNKTLQQVAKKLGNLFSNKTIIFKPSSGGDLEITTHSFNCRGEFFYCNTSKLFNSTWDNDTWSDTTNSTGGNASKIILPCRIKQIINMWQEVGKAMYAPPIRGAINCLSNVTGLLLTRDGGNTNSTNETFRPGGGDMRDNWRSELYKYKVVRIEPLGLAPTEAKRRVVEREKRAIGLGALFLGFLGAAGSTMGAASMTLTVQARQVLSGIVQQQNNLLKAIEAQQHMLQLTVWGIKQLQARILAVERYLKDQQLLGIWGCSGKHICTTNVPWNASWSNKSLEAIWKNMTWMEWEREIDNYTELIYNLLEESQIQQEKNEQELLQLDKWASLWNWFSITQWLWYIKIFIMIVGGLIGLRIVFAVFSLVNRVRQGYSPLSFQTLLPAPRGPDRPEGIEEEGGEQGRGRSIRLVNGLSALIWDDLRSLCLFSYHRLRDLILIATRIVELLGRRGWEAIKYLWNLLQYWIQELKNSAISLLDATAITVAGGTDRAIEIVQRIVRAILNIPTRIRQGLERALL,D,1,50.0,1,397,4
227,DRVI01_0803_11,MRVMGIRKNYQHLWRWGTMLLGMLMISSAAENLWVTVYYGVPVWKEASTTLFCASDAKAYDTEAHNVWATHACVPTDPDPQEVDLINVTENFNMWKNNMVEQMHEDIISLWDQSLKPCVRLTPLCVILNCTNYNNTSSNTNSTIEGGEMKNCSFNITTSIKTKVKDYALFYNLDIVQIDDDNNSYRLINCNTSVITQACPKISFEPIPIHYCAPAGFGIIKCKDKKFNGTGPCTNVSTVQCTHGIRPVISTQLLLNGSLAEEEVVIRSSNFSKNDKIIIVQLNEAVEINCTRPNNNTRKSIHLGQGRAWYATGEIIGDIRQAHCNISRAKWNNTLRQIVEKLREQFVNKTIIFNRSAGGDPEIVMHNFNCGGEFFYCNTTQLFNSTWNKTSTWNETSTENGTITLPCRIKQIINMWQEVGKAMYAPPISGPIRCSSNITGLLLTRDGGNETNTTTETFRPGGGNMKDNWRSELYKYKVVKIEPLGVAPTKAKRRVVQREKRAALGAMFLGFLGAAGSTMGAASITLTVQARQLLSGIVQQQRNLLRAIEAQQHLLQLTVWGIKQLQARVLAVERYLKDQQLLGIWGCSGKLICTTAVPWNASWSNKSQSEIWDSMTWMEWEREIENYTSTIYALIEESQNQQEKNELELLELDKWASLWNWFDITKWLWYIKIFIMIVGGLVGLRIIFAVLSIVNRVRQGYSPLSLQTRFPAQRGPDRPEGIEEEGGERDRGRSERLVNGFLTLFWEDLRNLCLFSYHLLRDFLLIVARTVELLGRRGWEALRYLWNLLQYWIQELKNSAISLLNATAIAVAEGTDRVIEVARRAFRAILNIPTRIRQGLERALL,B,0,0.38,0,397,0
228,211_9,MRVMGIQKNYPPLWRWGMIIFWIMMICNAKQMWVTVYYGVPVWRDASTTLFCASDAKAYDPEAHNAWATHACVPTDPNPQEMQLKNVTENFNMWKNDMVEQMHVDIISLWDQSLKPCVKLTPLCVTLNCTDVRNRTLNYTYNNSTSNISLVSSDMEGEIKNCSFNMTTELRDKNQKVYALFYRQDVIQNGNNNSSYYRLINCNTSAMTQACPKVSFNPIPIHYCAPAGFAILKCNDKEFNGTGPCKNVSTVQCTHGIKPVISTQLLLNGSIAEEEIVIRSENITNNAKTIIVQLNEPVEINCTRPNNNTRKSVRIGPGQTFYATGDIIGNIRQAHCNVSRAKWNETLHKVAEQLRTYFKNKTIIFTNHSGGDVELKTHMFNCGGEFFYCNTTALFNSTWDNNSTREDNNSTGNDTITLQCRIKQIVRMWQRSGQAMYAPPIQGVIKCKSNITGLLLTRDGGNNESTNETFRPGGGDMRDNWRSELYKYKVVKIEPLGVAPTHAKRRVVQREKRAVGLGAVFFGFLGAAGSTMGAASITLTVQARQLLSGIVQQQSNLLKAIEAQQHLLKLTVWGIKQLQARVLALERYLGDQQLLGIWGCSGKLICTTNVPWNSSWSNKTYGDIWDNMTWLQWDKEISNYTNIIYALIEESQNQQEKNEQDLLALDKWASLWNWFDISKWLWYIKIFIMIVGGLIGLRIVFTIITIINRVRQGYSPLSFQTLTHHQREPDRPERIEEEGGEQDKDRSIRLVGGFLALAWDDLRNLCLFIYHRLRDFVLIAARAVSLLGHSSLKGLRLGWEALKYLWNLLAYWGKELKNSAVNLLDTVAIAVANWTDRVIEIGQRAGRAILNIPRRIRQGAERALV,02_AG,1,50.0,1,397,4
229,CE1086_B2,MRVRGIWKNWPQWLIWSILGFWIGNMEGSWVTVYYGVPVWKEAKTTLFCASDAKAYEKEVHNVWATHACVPTDPNPQEMVLANVTENFNMWKNDMVEQMHEDIISLWDESLKPCVKLTPLCVTLNCTNVKGNESDTSEVMKNCSFKATTELKDKKHKVHALFYKLDVVPLNGNSSSSGEYRLINCNTSAITQACPKVSFDPIPLHYCAPAGFAILKCNNKTFNGTGPCRNVSTVQCTHGIKPVVSTQLLLNGSLAEEEIIIRSENLTNNAKTIIVHLNESVNIVCTRPNNNTRKSIRIGPGQTFYATGDIIGNIRQAHCNINESKWNNTLQKVGEELAKHFPSKTIKFEPSSGGDLEITTHSFNCRGEFFYCNTSDLFNGTYRNGTYNHTGRSSNGTITLQCKIKQIINMWQEVGRAIYAPPIEGEITCNSNITGLLLLRDGGQSNETNDTETFRPGGGDMRDNWRSELYKYKVVEIKPLGVAPTEAKRRVVEREKRAVGIGAVFLGFLGAAGSTMGAASMTLTVQARQLLSGIVQQQSNLLRAIEAQQHMLQLTVWGIKQLQARVLAIERYLKDQQLLGMWGCSGKLICTTAVPWNSSWSNKSQNEIWGNMTWMQWDREINNYTNTIYRLLEDSQNQQEKNEKDLLALDSWKNLWNWFDISKWLWYIKIFIMIIGGLIGLRIIFAVLSIVKRVRQGYSPLSFQTLTPNPRGPDRPGGIEEEGGEQDRDRSARLASGFLTLVWDDLRSLCLFSYHLLRDFILVATRTVELLGRSSLKGLQRGWEILRYLGSLVQYWGLELKKSAISLIDTIAIAVAERTDRIIEIVQRICRAIRNIPRRIRQGFETALL,C,1,50.0,1,397,3
230,ZM249_1,MRVMGILRNCQPWWIWSILGFWMLMNCSGNLWVTVYYGVPVWREAKTTLFCASDAKAYEKEVHNVWVTHACVPTDPNPQEMNLENVTENFNMWKNDMVDQMHEDIISLWDQSLKPCVKLTPLCVTLNCNNVNVTHNSTYNNTEGEQIKNCSFNITTELRDKKQKVYALFYKLDILPLNGNNDSNEYRLINCNTSAITQACPKVSFDPIPIHYCAPAGYAILKCNNKTFNGKGPCNNVSTVQCTHGIKPVVSTQLLLNGSLAEKEIIIRSENITDNVKIIIVHLNESVEINCTRPNNNTRKSIRIGPGQTFYATGEIIGKIREAHCNISKEKWNKTLLRVAKKLREHFPGKAIKFEPSSGGDLEITTHSFNCRGEFFYCTTSKLFNSTYNPNDTESNSNNSNETLTLTCKIKQIINMWQGVGRAMYAPPIEGSITCNSTITGLLLTRDGGSKNNTEEIFRPGGGNMKDNWRSELYKYKVVEIKPLGVAPTEAKRRVVEREKRAVGLGAVFLGFLGAAGSTMGAASITLTVQARQLLSGIVQQQNNLLRAIEAQQHMLQLTVWGIKQLQARVLAIERYLKDQQLLGIWGCSGKLICTTSVPWNTSWSNKSKAEIWDNMTWMQWDKEISNYTQTIYNLLEESQSQQEKNEKDLLELDSWNNLWNWFDISKWLWYIKIFIMIVGGLIGLRIIFAVLSIVNRVRQGYSPLSFQILTPNPRGPDRLGRIEEEGGEQDRDRSVRLANGFLALAWEDLRNLCLFFYHRLRDFILIAARTVELLRQISFKGLQRGWEALKYLGSLVQYWSQELKESAINLLNTIAIAVAEGTDRIIEVVQRGFRAILNVPTRIRQGLERALL,C,1,50.0,1,397,3
231,25925_2_22,MRVRGTLRNYQQWWIWGVLGFWMLMVCNVVGNLWVTVYYGVPVWKEAKATLFCASDAKAYETEVHNVWATHACVPTDPNPQEIVLENVTENFNMWENDMVNQMHEDVISLWDQSLKPCVKLTPLCVTLDCENVDGNDTYNGTNEMKNCSFNTTTELRDKKQKVSALFYRLDIVPLNRSSSSNSSDYYRLISCNTSAITQACPKVTFDPIPIHYCAPAGFAILKCNNKTFNGTGPCHNVSTVQCTHGIKPVVSTQLLLNGSLAEKEIIIRSKNLSDNVKTIIVHLNESVEIVCTRPNNNTRKSIRIGPGQTFYATGAIIGNIREAHCNISRDKWNETLQRVGKKLEEQFPNKTINFTSSSGGDLEITTHSFNCRGEFFYCNTSKLFNSTYIPTYRPNNTQGNSSSTITIPCRIKQIINMWQEVGRAMYAPPIAGNITCKSHITGLLLVRDGGTGLNSSTETFRPGGGDMRDNWRSELYKYKVVEIKPLGVAPTAAKRRVVQREKRAVGLGAVFLGFLGAAGSTMGAASITLTVQARQLLSGIVQQQSNLLRAIEAQQHMLQLTVWGIKQLQTRVLAIERYLKDQQLLGIWGCSGKLICTTAVPWNTSWSNRSQADIWGNMTWMQWDREISNYTNTIFRLLEDSQIQQESNEKDLLALDSWKNLWSWFDITNWLWYIKIFIMIVGGLIGLRIIFAVLSIVNRVRQGYSPLSFQTLIPNPRGPDRLGRIEEEGGEQDRDRSIRLVNGFLALAWDDLRSLCLFCYHQLRDFISVTTRAVELLGRSSLRGLQRGWEALKYLGSLVQYWVLELKKSAISLFDTIAIAVAEGTDRVIELIQRTCRAIRNIPRRIRQGFEAALQ,C,1,50.0,1,397,3
232,CAP244_D3,MRVKGMLRNYQQWWIWGILGFWMIMLCNVVGQNLWVTVYYGVPVWKEAKTTLFCASNAKAYEKEVHNVWATHACVPTDPNPQEMVLGNVTENFNMWKNDMVDQMHEDIISLWDESLKPCVKLTPLCVTLICTNVNHSSTNVSHSSTNVSQSSNSSQDNTTIDESMREEIKNCSYNSTTELWDKKQKEYALFYKLDIVPINGNASEYRLINCNTSTIKQACPKVTFEPIPIHYCAPAGYAILKCNNQTFNGTGPCTNVSTVQCTHGIKPVVSTQLLLNGSLAEKEIIISSENLTNNAKIIIVHLKDPVRIVCTRPNNNTRKSIRIGPGQTFYATGDIIGDIRQAYCNIDKGAWNKTLQQVGKKLQEHFPGKTIKFNSSSGGDLEITTHSFNCRGEFFYCNTSKLFNNTYYNGTGNANSTHENITLPCRIKQIIRMWQKVGQAMYAPPIAGNITCTSNITGLLLVRDGGEANGTNNIETFRPGGGDMRDNWRSELYKYKVVEIQPLGIAPTKAKRRVVEREKRAVGIGAMFLGFLGAAGSTMGAASMALTVQSRQLLSGIVQQQSNLLRAIEAQQHMLQLTVWGIKQLRARVVALERYLQDQQLLGIWGCSGKLICTTNVPWNSSWSNRSADIWDNLTWMQWEKEINNYTDTIYQLLEESQIQQEKNEQDLLALNSWDSLWSWFSITKWLWYIKIFIMIIGGLIGLRIIFAVLSIVNRVRQGYSPLSFQTLTPNPRGPDRLERIEEGGGEQDKDRSIRLVSGFLALIWDDLRSLCLFSYHRLRDFILIAARAVELLGRSSLKGLQRGWEALKYLGNLVQYWGLELKKSAVSLLDTIAIAVAEGTDRIIELVQAIGRAIRNIPTRIRQGFEAALL,C,1,50.0,1,397,3
233,CNE30,MKVRGTRRNYPQWWIWGVLGFWMLITCNVGGNLWVTVYYGVPVWKDAKTTLFCASDAKAYETEVHNVWATHACVPTDPNPQEIFMENVTEDFNMWKNDMVNQMHEDVISLWDQSLKPCVKLTPLCVTLECGNVSVSSNGTVASNKTYVEEMRNCSFNTTTFISDKHKKEHALFYRLDIVPLDDENSNKNCSKNSGQNCSEYYRLINCNTSAITQACPKVSFDPIPIHYCTPAGYALLKCNNKTFNGTGPCHNVSTVQCTHGIKPVVSTQLLLNGSLAEGEIIIRSENLTNNAKTIIVHLNQSVEIVCTRPNNNTRRSIRIGPGQTFFAHGEIIGDIRQAHCNISRNNWTETLQRVSRKLAEHFPNKTINFTSSSGGDLEITTHSFNCRGEFFYCNTSDLFNSTYMSNGTFRFNGTVFNGTGGDSSINITIPCRIKQIINMWQEVGRAMYAPPIAGNITCKSNITGLLLVRDGGTTNNTNNTEIFRPGGGDMRDNWRSELYKYKVVEVKPLGIAPTTAKRRVVEREKRAVGLGAVFLGFLGAAGSTMGAASITLTVQARQLLSGIVQQQSNLLKAIEAQQHLLQLTVWGIKQLQTRVLAIERYLRDQQLLGIWGCSGKLICTTAVPWNSSWSNKSYNEIWENMTWMQWDKEVSNYTDTIYRLLEESQNQQERNEQDLLALDSWKNLWNWFNISNWLWYIRIFIMIVGGLIGLRIIFAVLSIVNRVRQGYSPLLFQTPTPNPGGPGRLRGIEEEGGEQDNIRSIRLVNGFLALAWDDLRNLCLFSHHRLRDFILLTARGVELLGRTSLRGLQTGWEALKYLGSLVQYWGLELKKSAINLLDIIAIAVAEGTDRIINLVQGICRAICNIPRRIRQGFEAALQ,C,1,50.0,1,397,3
234,DRVI01_0803_16,MRVMGIRKNYQHLWRWGTMLLGMLMISSAAENLWVTVYYGVPVWKEANTTLFCASDAKAYDTEAHNVWATHACVPTDPDPQEVDLINVTENFNMWKNNMVEQMHEDIISLWDQSLKPCVKLTPLCVTLNCNNISSNASSTTEGGKMKNCSFNVTTSIQTKVKGYALFYNLDIVQIGNDSNSYRLIKCNTSVITQACPKISFEPIPIHYCAPAGFGIIKCKDKKFNGTGPCTNVSTVQCTHGIRPVVSTQLLLNGSLAEEEVVIRSSNFSKNDKIIIVQLNEAVEINCTRPNNNTKKSIHLGLGRAWYATGEIIGDIRQAHCNISRAKWNNTLKKIVEKLREQFENKTIIFNRSAGGDPEIVMHSFNCGGEFFYCNTTQLFNSTWNETGTWNETSTENGTITLPCRIKQIINMWQEVGKAMYAPPISGPIRCSSNITGLLLTRDGGNETSTTETFRPGGGNMKDNWRSELYKYKVVKIEPLGVAPTKAKRRVVQREKRAALGAMFLGFLGAAGSTMGAASITLTVQARQLLSGIVQQQRNLLMAIEAQQHLLQLTVWGIKQLQARVLAVERYLKDQQLLGIWGCSGKLICTTAVPWNASWSNKSQSEIWDNMTWMEWEREIENYTSTIYTLLEKSQNQQEKNELELLELDKWASLWNWFDITKWLWYIKIFIMIVGGLVGLRIIFAVLSIVNRVRQGYSPLSLQTRFPAQRGPDRPEGIEEEGGERDRGRSERLVNGFLTLFWEDLRNLCLFSYRLLRDFLLIVARIVELLGRRGWEALRYWWNLLQYWIQELKNSAISLFNATAIAVAEGTDRIIEVAQRAFRAIINIPTRIRQGFERALL,B,0,0.37,0,397,0
236,94UG118,MRVREIERNYQHLWRWGIMLLGMLMTCSAIEKLWVTVYYGVPVWREATTTLFCASDAKSYEVEAHNIWATHACVPTDPNPREIRLENVTENFNMWKNNMVEQMHEDIISLWDQSLKPCVKLTPLCVTLNCIEWNVTRNATDGNKTNTTSVNTGDIGMTNCSFNITTEVRDKKKQVHALFYKLDVIPIDNSNTSNSYRLINCNTSAITQACPKTTFEPIPIHYCAPAGYAILKCNDKKFNGMGPCKNVSTVQCTHGIRPVVSTQLLLNGSLAEEEIIIRSENLTNNAKIIIVQLNESVPIECIRPYNNTRQSIHIGPGRALYTSNIVGDIRQAYCTINETKWNNTLKQVAKKLGDTFNKTAVFKPSSGGDAEITTHTFNCGGEFFYCNTSGLFNSTSNSTGGNITLPCRIKQIINMWQGVGKAMFAPPIEGQIKCLSNITGLLLTRDGGITNDSQNETFRPGGGDMRDNWRSELYKYKVVKIEPLGLAPTRAKRRVVEREKRAIGLGAMFLGFLGAAGSTMGAASVTLTVQARQLLSGIVQQQNNLLRAIEAQQHLLQLTVWGIKQLQARVLAVESYLKDQQLLGVWGCSGKHICLTNVPWNASWSNKTLGQIWDNMTWMEWEREIDNYTGLIYNLIEESQTQQEKNEQELLQLDQWASLWNWFTISKWLWYIKIFIMIVGGLIGLRIVFAVLSVVNRVRQGYSPLSFQTLLPAPRGPDRPEGIEEEGGEQGRGRSIRLVNGFSTLIWDDLRNLCLFSYHRLRDLILIVTRIVELLGRRGWEAIKYLWNLLQYWIQELKNSAISLLNATAIAVAEGTDRVIEIVQRIGRAIIHIPTRIRQGLERALL,D,1,50.0,1,397,4
237,CE1172_H1,MRVMGTQRNWQQWWIWGILGLWMALICNVVGNLWVTVYYGVPVWKEAKTTLFCASDAKAYEKEVHNVWATHACVPTDPNPQELVLENVTENFNMWKNDMVDQMHEDIISLWDQSLKPCVKLTPLCVTLNCSNISRNDTATFNDTNTMNGEIKNCSFNTTTEIKDKKHKAFALFYRLDIIPLNGENSNSSNSSEYRLINCNTSTVTQACPKVSFDPIPIHYCAPAGYAILKCNNKTFNGTGPCNNVSTVQCTHGIKPVVSTQLLLNGSLAEEEIIIRSKNLTNNAKTIIVHLNKSVEINCTRPGNNTRKSIRIGPGQTFYATGDIIGDIRQAHCNISREKWNTTLKEVREKLKKHFPNKTIYFQPHSGGDLEITTHSFNCKGEFFYCNTSNLFNTTNSTESTSNSTFITLQCRIKQIINMWQGVGQAMYAPPIAGNITCKSNITGLLLTRDGIPNATNETFRPGGGDMRDNWRSELYKYKVVEIKPLGLAPTTAKRRVVEKQKRAVGLGAVFLGFLGVAGSTMGAASITLTAQARQLLSGIVQQQNNLLRAIEAQQHMLQLTVWGIKQLQTRVLAIERYLKDQQLLGMWGCSGKLICTTAVPWNSSWSNKTQEEIWDNMTWMQWDREISNYTNTIYRLLEDSHIQQEKNEKDLLALDSWNNLWTWFDITKWLWYIKIFIMIVGGLIGLRIIFAVLSIVNRVRQGYSPLSFQTLTPTPREQLDRLGEIEEEGGEQDRNRSIRLVNGFLSLAWDDLRSLCLFSYHQLRDFILIVTRAVELLGRSSLRGLQRGWEILKYLGSLVQYWGLELKKSAISLLDTIAITVAEGTDRIIELLQRFCRGIYHIPRRIRQGFETALL,C,1,50.0,1,397,3
238,CE2060_G9,MRVMGILRNCQHWWIWGILGFWMIMVCNVVGNLWVTVYYGVPVWKEAKTTLFCASDAKAYEKEVHNVWATHACVPTDPNPQEQVLGNVTENFNMWKNDMVDQMHEDIISLWDQSLKPCVKLTPLCVTLNCSDVDASKVKMTNNSADTLINTTLSNRTEEMKNCSFNITTEIRDKKKNEYALFYRLDIVPLDEQNNSTKYRLINCNTSTVTQACPKVTFDPIPIHYCAPAGYAILKCNNKTFNGTGPCNNVSTVQCTHGIKPVVSTQLLLNGSLAEGEIIIRSENLTNNAKNIIVQFNDSVEIECTRPGNNTRRSVRIGPGQTFYATGEIIGNIRQAYCNITKGKWETALKEVKEKLKTCFPGKNISFAPSSGGDLEITTHSFNCRGEFFYCNTTKLFNSTDNSTGTNNSTEIILPCRIKQIINMWQEVGRAMYAPPIAGNITCKSNITGLILTRDGGDNNNNDIETFRPGGGDMRDNWRSELYKYKVVEIKPLGIAPTEAKRRVVQREKRAVGIGAMFLGFLGFAGSTMGAASITLTVQARLLLSGIVQQQNNLLRAIEAQQHMLQLTVWGIKQLQARVLAIERYLRDQQLLGMWGCSGKLICTTAVPWNSSWSNKSKTEIWENMTWMQWDKEINNYTNTIYRLLEESQNQQEQNEKDLLALDSWNNLWNWFDITNWLWYIKIFIMIVGGLIGLRIVFAVLSIVNRVRQGYSPLSLQTPIPNQRGLDRLGRIEEEGGEQDRDRSIRLVSGFLALAWDDLRSLCLFCYHRLRDFILVTARAAELLERSSLRGIQRGWEALKYLGSLVQYWVLELKKSAISLLDTTAITVAEGTDRIIEIVQRICRAIRNVPVRIRQGLEAALL,C,1,50.0,1,397,3
239,BG505_W6M_A5_T332N,MRVMGIQRNCQHLFRWGTMILGMIIICSAAENLWVTVYYGVPVWKDAETTLFCASDAKAYETEKHNVWATHACVPTDPNPQEIHLENVTEEFNMWKNNMVEQMHTDIISLWDQSLKPCVKLTPLCVTLQCTNVTNNITDDMGGELKNCSFNMTTELRDKKQKVYSLFYRLDVVQINENQGNRSNNSNKEYRLINCNTSAITQACPKVSFEPIPIHYCAPAGFAILKCKDKKFNGTRPCPSVSTVQCTHGIKPVVSTQLLLNGSLAEEEVMIRSENITNNAKNILVQFNTPVQINCTRPNNNTRKSIRIGPGQAFYATGDIIGDIRQAHCNVSKATWNETLGKVVKQLRKHFRNNTIIRFANSSGGDLEVTTHSFNCGGEFFYCNTSGLFNSTWISNTSVQGSNSTGSNDSITLPCRIKQIINMWQRIGQAMYAPPIQGVIRCVSNITGLILTRDGGSTNSTTETFRPGGGDMRDNWRSELYKYKVVKIEPLGVAPTRAKRRVVGREKRAVGIGAVFLGFLGAAGSTMGAASMTLTVQARNLLSGIVQQQSNLLRAIEAQQHLLKLTVWGIKQLQARVLAVERYLRDQQLLGIWGCSGKLICTTNVPWNSSWSNRNLSEIWDNMTWLQWDKEISNYTQIIYGLLEESQNQQEKNEQDLLALDKWASLWNWFDISNWLWYIKIFIMIVGGLIGLRIVFAVLSVIHRVRQGYSPLSFQTHTPNPRGLDGPERIEEEDGEQDRGRSTRLVSGFLALAWDDLRSLCLFCYHRLRDFILIAARIVELLGHSSLKGLRLGWEGLKYLWNLLAYWGRELKISAINLFDTIAIAVAGWTDRVIEIGQRLCRAFLHIPRRIRQGFERALL,A1,0,0.26,0,397,4
241,CAP45_G3,MRVRGILRNWPQWWIWSILGFWMLIICRVMGNLWVTVYYGVPVWKEAKATLFCASDARAYEKEVHNVWATHACVPTDPNPQEIYLGNVTENFNMWKNDMVDQMHEDIISLWDQSLKPCVKLTPLCVTLRCTNATINGSLTEEVKNCSFNITTELRDKKQKAYALFYRPDVVPLNKNSPSGNSSEYILINCNTSTITQACPKVSFDPIPIHYCAPAGYAILKCNNKTFNGTGPCNNVSTVQCTHGIKPVVSTQLLLNGSLAEEDIIIKSENLTNNIKTIIVHLNKSVEIVCRRPNNNTRKSIRIGPGQAFYATNDIIGDIRQAHCNINNSTWNRTLEQIKKKLREHFLNRTIEFEPPSGGDLEVTTHSFNCGGEFFYCNTTRLFKWSSNVTNDTITIPCRIKQFINMWQGAGRAMYAPPIEGNITCNSSITGLLLTRDGGKTDRNDTEIFRPGGGNMKDNWRNELYKYKVVEIKPLGVAPTEARRRVVEREKRAVGIGAVLLGFLGAAGSTMGAASITLTVQARQLLSGIVQQQSNLLRAIEAQQHMLQLTVWGIKQLQTRVLAIERYLKDQQLLGLWGCSGKLICTTNVPWNSSWSNKSQTDIWDNMTWIQWDREISNYSNTIYKLLEGSQNQQEQNEKDLLALDSWNNLWNWFNITNWLWYIKIFIMIIGGLIGLRIILGVLSIVKRVRQGYSPLSFQTLTPNPRGLDRLGRIEEEGGEQDKDRSIRLVNGFLALAWEDLRSLCLFSYHRLRDFILIAVRAVELLGSSSLRGLQRGWEALKYLGSLLQYWGLELKKSAINLLDTVAIAVAEGTDRIIELIQRICRAIRNIPRRIRQGFEAALL,C,1,50.0,1,397,3
242,BJOX010000_06_2,MRVRGIQMNWPHLWKWGTLIIGLVIICSASDNLWVTVYYGVPVWRDADTTLFCASDAKAHETEVHNVWATHACVPTDPNPQEIHLENVTENFNMWKNNMVEQMQEDVISLWDQSLKPCVKLTPLCVTLNCTNANWTHNSTNDKNSTENIIRNIGNITDEVKNCTFNMTTEIRGKQQKVHALFYTLDIVQMGGNGSEYRLINCNTSVIKQACPKISFDPIPIHYCTPAGYAILKCNDKKFNGTGPCKNVSTVQCTHGIKPVVSTQLLLNGSLAEEEIIIRSENLTDNAKNIIVHLNKTVKINCIRPSNNTRTSTRIGPGQVFYRTGEIIGDIRKAYCKINATEWNETLKQVAKKLKEHFNKTIIFQPSSGGDLETTTHHFNCRGEFFYCNTTKLFNSTENGTREGVNTTIILPCRIKQIVNMWQGVGQAMYAPPISGTINCTSNITGILLTRDGGNISATNETFRPAGGNIKDNWRSELYKYKIVQIEPLGIAPTRAKRRVVDREKRAVGIGAMIFGFLGAAGSTMGAASLTLTVQARQLLSGIVQQQSNLLRAIEAQQHLLQLTVWGIKQLQARVLAVERYLKDQKFLGLWGCSGKTICTTNVPWNSTWSNKSYEEIWNNMTWIEWEKEISNYTNKIYGLLTESQNQQEINEKDLLELDKWASLWNWFDITKWLWYIKIFIIIVGGLIGLRIIFAVLSIVNRVRQGYSPLSLQTPFHHQREPDRPEGIEEEGGEQGRDRSVRLVGGFLALAWDDLRSLCLFSYRRLRDLILIATRTVELLGKGLIRGWEGLKYLGNLLLYWGQELKTSAISLLDTAAITIAGWTDRVIEVAQRAWRALLHIPRRIRQGFERALL,01_AE,1,50.0,1,397,4
243,HT593_1,AKEMRKHCQHLWRRGIMLLGMLMTCSAAENLWVTVYYGVPVWKEATTTLFCASDAKAYETEVHNVWATHACVPTDPNPQEVLLENVTENFNMWKNNMVEQMQEDIISLWDQSLKPCVKLTPLCVTLECHDVNVNGTANNGTTNVTESGVNSSDVTSNNVTNSNWGTMEKGEIKNCSFNITTNIRDKMQKETAQFYKLDIVPIEDQNKTNNTLYRLINCNTSVITQACPKVSFEPIPIHYCTPAGFAILKCNDRNFNGTGPCKNVSTVQCTHGIKPVVSTQLLLNGSLAEAEVVIRSENFTNNAKTIIIQLNETVEINCTRPNNNTSKRISIGPGRAFRATKIIGNIRQAHCNISRATWNSTLKKIVAKLREQFGNKTIVFQPSSGGDPEIVMHSFNCGGEFFYCNTTQLFNSTWNSTEESNSTEEGTITLPCRIKQIINMWQEVGKAMYAPPIEGQIRCSSNITGLLLTRDGGNNNKTNGTEIFRPGGGDMRDNWRSELYKYKVVKIEPLGVAPTKAKRRVVQREKRAVGIVGAMFLGFLGAAGSTMGAASMTLTVQARLLLSGIVQQQNNLLRAIEAQQHLLQLTVWGIKQLQARVLAVERYLKDQQLLGIWGCSGKLICTTTVPWNTSWSNKSLSEIWDNMTWMQWEREIDNYTSLIYTLIEESQNQQEKNEQELLELDKWAGLWNWFEITNWLWYIKIFIMIVGGLVGLRIVFAVLSIVNRVRQGYSPVSFQTHLPAPRGPDRPEGIEEEGGERDRGRSVRLVNGFLALIWDDLRSLCLFSYHRLRDLLLIIARIVELLGRRGWEALKYWWNLLQYWSQELKNSAVNLLDATAIAVAEGTDRIIEVVRRAFRAILHIPTRIRQGLERALL,B,0,6.82,0,397,0
244,APV_17,MRAKGIRKSYRLLWKWGMMLLGILMICNATGNLWVTVYYGVPVWKEATTTLFCASDAKAYDTEVHNVWATHACVPTDPNPQEIGLENVTENFNMWKNNMVEQMQEDIISLWDQSLKPCVKLTPLCVTLNCTEVKNNASDPKQDKEVTNCSFNITTSIRDKVQKEYAIFYKYDVVPIDDSDNNSTNTSYRLISCNTSVITQACPKISFEPIPIHYCAPAGFAILKCRDKKFNGTGPCLNVSTVQCTHGIRPVVSTQLLLNGSLAEEEVVIRSENFTDNAKTIIVQLKQHVNITCARPNNSTRKGIHIGPGRAFYAAADIIGDIRQAHCNLSAAEWNNTLSQIVKKLGEQFKNKTIAFNQSSGGDPEIVMHSFNCGGEFFYCNTSKLFNSTWHANGTRINGTNVYANGTNATNTIITLPCRIRQIINMWQEVGKAMYAPPIKGQIKCLSNITGLLLVRDGGNNTNGSEIFRPGGGDMRDNWRSELYKYKVVKIEPLGVAPTKAKRRVVQREKRAVGFGALFLGFLGAAGSTMGAASVTLTVQARQLLSGIVQQQNNLLRAIEAQQRMLQLTVWGIKQLQARVLAVEGYLKDQQLLGIWGCSGKLICTTAVPWNTSWSNKSLDQIWNNMTWRQWEKEIDNYTGLIYNLLEESQIQQEKNEQELLELDKWANLWNWFNISNWLWYIKIFIMIVGGLVGLRIVFTVLSIVNRVRQGYSPLSFQTRHPAPRGPDRPEGIEEEGGERDRDRSEPLVHGFLTIIWVDLRSLCLFSYRLLTDFLLIVTRIVGLLGRRSWETLKYWWNLLQYWSQELKNSAISLLNTTAIVVAEGTDRVIEIVQRAFRALLHIPRRIRQGAERALL,B,1,50.0,1,397,1
245,CNE8,MRVKETQMNWPNLWKWGTLILGLVIICSASDNLWVTVYYGVPVWRDADTTLFCASDAKAYDTEVHNVWATHACVPTDPNPQEIHLENVTENFNMWKNKMAEQMQEDVISLWDESLKPCVQLTPLCVTLNCTNANLNATVNASTTIGNITDEVRNCSFNTTTELRDKKQNVYALFYKLDIVPINNNSEYRLINCNTSVIKQACPKVSFDPIPIHYCAPAGYAILRCNDKNFNGTGPCKNVSSVQCTHGIKPVVSTQLLLNGSLAEDEIIIRSENLTDNVKTIIVHLNKSVEINCTRPSNNTRTSVRIGPGQVFYRTGDIIGDIRKAYCEINRTKWHETLKQVATKLREHFNKTIIFQPPSGGDIEITMHHFNCRGEFFYCNTTKLFNSTWGENTTMEGHNDTIVLPCRIKQIVNMWQGVGQAMYAPPIRGSINCVSNITGILLTRDGGTNMSNETFRPGGGNIKDNWRSELYKYKVVEIEPLGIAPTKAKRRVVEREKRAVGIGAMIFGFLGAAGSTMGAASITLTVQARQLLSGIVQQQSNLLRAIEAQQHLLQLTVWGIKQLQARVLAVERYLKDQKFLGLWGCSGKIICTTAVPWNSTWSNRSYEEIWDNMTWIEWEREISNYTSQIYEILTESQNQQDRNEKDLLELDKWASLWNWFDITRWLWYIKIFIMIVGGLIGLRIIFAVLSIVNRVRQGYSPLSFQTPTHHQREPDRPERIEEGGGEQDRDRSVRLVSGFLALAWDDLRSLCLFSYHRLRDLILIAVRTVELLGHGGLKGLRRGWEGLKYLGNLLLYWGQELKISAISLLDATAIAVAGWTDRIIEVAQRAWRAILHIPRRIRQGLERSLL,01_AE,1,50.0,1,397,4
246,A03349M1_VRC4A,MRVRGIQRNYQNLWRWGTLLLGMLMICKATEQLWVTVYYGVPVWKEATTTLFCASDAKSYKEEAHNIWATHACVPTDPNPRELIIENVTENFNMWKNNMVEQMHEDIISLWDQSLKPCVKLTPLCVTLNCTEWRKNNTINATGIEMKNCSFNLTTEIRDRKKQVHALFYKLDVVPIDDNNSTNTSYRLINCNTSAITQACPKVTFEPIPIHYCAPAGYAILKCNNKKFNGTGPCNNVSTVQCTHGIRPVVSTQLLLNGSLAEEDIIIRSENLTNNAKIIIVQLNESVTINCTRPYNNTRRGVHIGPGRAYYTTDIIGDIRQAHCNISGAEWNKTLHRVAKKLRDLFKKTTIIFKPSSGGDPEITTHSFNCRGEFFYCNTTRLFNSIWGNNSTGVDESITLPCRIKQIINMWQGVGKAMYAPPIEGLISCSSNITGLLLTRDGGGNESSQNETFRPGGGDMRDNWRSELYKYKVVRIEPLGLAPSKAKRRVVEREKRAIGLGAMFLGFLGAAGSTMGAASLTLTVQARQLLSGIVQQQNNLLRAIETQQHLLQLTVWGIKQLQARVLAVESYLRDQQLLGIWGCSGRHICTTNVPWNSSWSNKTLKSIWDNMTWMEWEREIDNYTGIIYNLLEESQTQQERNEQDLLKLDQWASLWNWFSITKWLWYIKIFIMIVGGLIGLRIVFAVLSIVNRVRQGYSPLSFQTLLPAPRGPDRPEGIEEEGGEQGRGRSIRLLNGLLALIWDDLRNLCLFCYHRLRDLILIATRVVEILGHRGWEAIKYLWNLFQYWIQELKNSAISLLNTTAIVVAEGTDRVIEIVQRAGRAVLNIPRRIRQGAERALL,D,1,50.0,1,397,4
247,BJOX025000_01_1,MRVKETQMNWPNLWKWGTLILGLVIICSASDNLWVTVYYGVPVWRDANTTLFCASDAKAHETEVHNVWATYACVPTDPNPQEIPLENVTENFNMWKNNMVEQMQEDVISLWDQSLKPCVKLTPLCVTLNCTKANLTNINETTASNGIGNITDEVRNCSFNMTTLLSDKKRLVHALFYKLDIVPIKDNQNSSVSSGEYRLINCNTSVIKQACPKISFNPIPIHYCTPAGYAILKCNDKNFNGTGPCKNVSSVQCTHGIKPVVSTQLLLNGSLAEEEIIIRSESLTNNAKTIIVHLNKSVEISCTRPSNNTRTGINIGPGRAFYRTGDITGDIRQAYCEINGTKWNETLRQVAKKLKEHFNKTIKFQPPSGGDLEITMHHFNCRGEFFYCNTTKLFNSTWIGNETMVEGNNNDTIILPCRIKQIINMWQGAGQAMYAPPISGIIKCVSNITGILLTRDGGNNTNTSETFRPGGGNIKDNWRSELYKYKVVQIEPLGVAPTRAKRRVVEREKRAVGIGAMIFGFLGAAGSTMGAASITLTVQARHLLSGIVQQQSNLLRAIEAQQHMLQLTVWGIKQLQARVLAVERYLKDQKFLGLWGCSGKIICTTAVPWNSSWSNKSYEEIWNNMTWIEWEREISNYTNQIYEILTESQDQQDRNEKDLLELDKWASLWNWFDITNWLWYIRIFIMIVGGLIGLRIIFAVFSIVNRVRQGYSPLSFQTPSHHQREPDRPEGIEEGGGEQDRDRSVRLVSGFLALFWDDLRSLCLFSYHRLRDFSLIAARTVELLGRSSLKGLRRGWEGLKYLGNLLLYWGQELKISAISLFNAVAIAVAGWTDRVIEVAQRAWRTILHIPRRIRQGLERVLV,01_AE,1,50.0,1,397,4
248,45_01DG5,MRVMGIRKNCQRLWRGGTLFLGILMIFSAAENLWVTVYYGVPVWKEATATLFCASDAKAYETEVHNVWATHACVPTDPNPQEVVLENVTENFNMWKNNMVEQMHEDIISLWDQSLKPCVKLTPLCVTLNCTDYLGNATNTTSSSGGAMEGGEIKNCSFNITTSMRDKMQKEYALFYKLDVVSIDNDNASTNYRLISCNTSVITQACPKISFEPIPIHYCAPAGFAILKCNDKKFNGTGPCTNVSTVQCTHGIRPVVSTQLLLNGSLAEEEIVIRSENIKDNAKIIIVQLNETVEINCTRPNNNTRKSIPIGPGRAFYTTGAIIGDIRQAHCNISKAKWENTLKQIARKLREHFKNETIAFNQSSGGDPEIVMHSFNCGGEFFYCNSTQLFNSTWTWNDTEVVNNTEKNINITLPCRIKQIINMWQEVGKAMYAPPIKGQIRCSSNITGLLLTRDGGSSTNGTTETFRPGGGDMRDNWRSELYKYKVVKIEPLGLAPTRAKRRVVQREKRAVGIGAVFLGFLGAAGSTMGAASMTLTVQARLLLSGIVQQQNNLLRAIEAQQHLLQLTVWGIKQLQARVLAVERYLKDQQLLGIWGCSGKLICTTAVPWNASWSNKSLDKIWNNMTWMEWEREINNYTGLIYNLIEESQNQQEKNEQELLELDKWASLWNWFDITKWLWYIKIFIMIVGGLVGLRIIFTVLSIVNRVRQGYSPLSFQTHLPAPRGPDRPEGIGEEGGEQDRDRSDRLVTGFLAIFWVDLRSLCLFSYHRLRDLLLIVTRIVELLGRRGWEILKYWWNLLQYWNQELKNSAVSLLNATAIVVAEGTDRVIEVLQRAFRAVLNIPTRIRQGLERALL,B,0,0.095,0,397,0
249,TV1_29,MRVMGTQKNCQQWWIWGILGFWMLMICNTEDLWVTVYYGVPVWREAKTTLFCASDAKAYETEVHNVWATHACVPTDPNPQEIVLGNVTENFNMWKNDMADQMHEDVISLWDQSLKPCVKLTPLCVTLNCTDTNVTGNRTVTGNSTNNKKGTGTNGTGIYNIEEMKNCSFNVTTELRNKKHKEYALFYRLDIVSLNNKPNEYRLINCNTSAITQACPKVSFDPIPIHYCAPAGYAILKCNNKTFNGTGPCYNVSTVQCTHGIRPVVSTQLLLNGSLAEGEIIIRSENLTENTKTIIVHLNESIEINCTRPNNNTRKSVRIGPGQAFYATNDVIGDIRQAHCNISTDRWNKTLQQVMKKLGEHFPNKTIQFKPHAGGDIEITMHSFNCRGEFFYCNTSNLFNSTYHSNNGTYKYNGNSSLPITLQCKIKQIVRMWQGVGQAMYAPPIAGNITCRSNIAGILLTRDGGFNTTNNTETFRPGGGDMRDNWRSELYKYKVVEIKPLGIAPTKAKRRVVEREKRAVGIGAVFLGFLGAAGSTMGAASITLTVQARQLLSGIVQQQSNMLKAIEAQQHMLQLTVWGIKQLQARVLAIERYLKDQQLLGIWGCSGRLICTTAVPWNSSWSNRSEADIWDNMTWMQWDREINNYTETIFRLLEDSQNQQEKNEKDLLELDKWNNLWNWFSITKWLWYIKIFIMIIGGLIGLRIIFAVLSIVNRVRQGYSPLSFQTLTPSPRGLDRLGGIEEEGGEQDRDRSIRLVSGFLSLAWDDLRSLCLFSYHRLRDFILIAVRAVELLGHNSLRGLQRGWEILKYLGSLVQYWGLELKKSAISLLDTIAIAVAEGTDRIIELVQRICRAILNIPRRIRQGFEAALL,C,1,50.0,1,397,3
250,3988_25,MRVKGIRKNCQHLWIWGTMLLGILMICSATENLWVTVYYGVPVWKEATTTLFCASDAKAYETEVHNVWATHACVPTDLNPQEVVLENVTENFNMWKNNMVEQMHEDIISLWDQSLKPCVKLTPLCVTLNCTDNINTTQTNSSIMEKGEIKNCSFNVTTNIRDKMQKEYALFYKLDVISIKNDNSSYRLIDCNTSVITQACPKVSFEPIPIHYCAPAGFAILKCNDKKFNGTGLCTNVSTVQCTHGIRPVVSTQLLLNGSLAEEEVVIRSENLTDNAKTIIVQLKEAVEINCTRPNNNTRKSINIGPGRAFVATGAIIGDIRQAHCNISRTKWNDTLKQVVTKLREKFGNKTIVFNQSSGGDAELVMHSFNCGGEFFYCNSTQLFNSTWSVNSTGNDTTEEPNITFPCRIKQIINMWQEVGKAMYNPPIKGIISCRSNITGLLLTRDGGNNNNTNTTETFRPEGGNMKDNWRSELYKYKVVKIEPLGVAPTKAKRRVVQREKRAVGIGAVFLGFLGAAGSTMGAASVTLTVQARQLLSGIVQQQNNLLRAIEAQQHMLQLTVWGIKQLQARVLALERYLRDQQLLGIWGCSGKLICTTAVPWNTSWSNKSMDYIWGNMTWMQWEREISNYTYLIYTLLEESQNQQEKNEQELLKLDTWASLWNWFDISNWLWYIKIFIMIVGGLVGLRIVFIVLSIVNRVRQGYSPLPFQTRHPAPRGPDRPEGIEGEGGERDRDGSGQLVNGLLAIIWVDLRSLFLFSYHRLRDLLLIVTRTVELLGRRGWEALKYWWNLLQYWSQELRNSAVSLLNTTAIVVAEGTDRVIEVLQRALRAILHVPTRIRQGLERLLL,B,1,50.0,1,397,1
251,89_6,MRVKEIRKNWQHLRGGILLLGMLMICSAAKEKTWVTIYYGVPVWREATTTLFCASDAKAYDTEVHNVWATHACVPTDPNPQEVVLGNVTENFNMWKNNMVDQMHEDIISLWDESLKPCVKLTPLCVTLNCTNLNITKNTTNPTSSSWGMMEKGEIKNCSFYITTSIRNKVKKEYALFNRLDVVPIENTNNTKYRLISCNTSVITQACPKVSFQPIPIHYCVPAGFAMLKCNNKTFNGSGPCTNVSTVQCTHGIRPVVSTQLLLNGSLAEEDIVIRSENFTDNAKTIIVQLNESVVINCTRPNNNTRRRLSIGPGRAFYARRNIIGDIRQAHCNISRAKWNNTLQQIVIKLREKFRNKTIAFNQSSGGDPEIVMHSFNCGGEFFYCNTAQLFNSTWNVTGGTNGTEGNDIITLQCRIKQIINMWQKVGKAMYAPPITGQIRCSSNITGLLLTRDGGNSTETETEIFRPGGGDMRDNWRSELYKYKVVRIEPIGVAPTRAKRRTVQREKRAVGIGAVFLGFLGAAGSTMGAASVTLTVQARLLLSGIVQQQNNLLRAIEAQQHMLQLTVWGIKQLQARVLALERYLRDQQLMGIWGCSGKLICTTSVPWNVSWSNKSVDDIWNNMTWMEWEREIDNYTDYIYDLLEKSQTQQEKNEKELLELDKWASLWNWFDITNWLWYIRLFIMIVGGLIGLRIVFAVLSIVNRVRQGYSPLSFQTLLPASRGPDRPEGTEEEGGERDRDRSGPLVNGFLALFWVDLRNLCLFLYHLLRNLLLIVTRIVELLGRRGWEALKYWWNLLQYWSQELKNSAVSLLNATAIAVAEGTDRVIKIVQRACRAIRNIPTRIRQGLERALL,B,1,50.0,1,397,1
253,6322_V4_C1,MKVRGMLRSWQQWWIWGILGFWLVMTCSVVGNLWVTVYYGVPVWREATTTLFCASDAKGYEREVHNVWATHACVPTDPNPQEIVLKNVTENFNMWKNDMVDQMHEDIISLWEQSLKPCVKLTPLCVTLICRNVNLTNNNSISGNDSMSGEMRNCSFNMTTELRDKKKNVSALFYKLDVVPIDGRENNSEYRLINCNTSAITQACPKVSFDPIPIHYCAPAGYAILKCNNETFNGTGPCRNVSTVQCTHGIKPVVSTQLLLNGSLAEKDIMIRSENLTNNAKIIIVHLNESIEIKCIRPGNNTRQSIRIGPGQAFYAYTNIIGDIRKAHCKINGTKWNETLEKVKSILREFFNKTVKFQPHSGGDLEVVTHSFNCRGEFFYCNTSQLFNETHTNGTNSTIILPCRIKQIINMWQEVGRAMYAPPIAGNITCTSNITGLLLERDGGKDNNMTEIFRPGGGDMRDNWRSELYKYKVVEIKPLGVAPTKAKRRVVEREKRAALGAVFLGFLGAAGSTMGAASITLTVQARQLLSGIVQQQSNLLRAIEAQQHLLQLTVWGIKQLQTRVLAIERYLKDQQLLGIWGCSGKLICTTNVPWNSSWSNKSQEEIWDNMTWIQWDREVSNYTDTIYRLLEDSQNQQEKNEKDLLALDSWKNLWNWFDITNWLWYIKIFIMIVGGLIGLRIIFAVLSIVNRVRQGYSPLSFQTLTPSPRELDRLGRIEEEGGEQDRDRSIRLVNGFLALAWDDLRNLCLFSYHRLRDFILIATRAVELLGRSSLRGLQKGWEALKYLGSLVQYWGLELKKSATSLLDAIAIAVAEGTDRIIELIQRICRAICNIPTRIRQGCEAALQ,C,1,50.0,1,397,3
254,6811_V7_C18,MKARGILRSCQRWWIWGILGLWMLLICSGLGNLWVTVYYGVPVWREANATLFCASDAKAYEREVHNVWATHACVPTDPDPQEIVLNVTENFNMWKNYMVDQMHEDIISLWDQSLQPCVKLTPLCVALNCTDTNNSTEIKNCSFNIATELRDKKQKEGALFNSLDIVPLNSNNSQYRLISCNTSTLKQACPKVSFDPIPIHYCAPAGFAILKCNSKTFNGTGPCQNVSTVQCTHGIKPVVSTQLLLNGSLAEGEIMIRSENLTNNVKTIIVHLNESVEIKCIRPNNNTRKSIRIGPGQTFYATGDIIGDIRQAHCNISESKWNTTLQRVSKKLAEHFPNKTIKFEPPSGGDLEITMHSFNCRGEFFYCNTSILFNSTYCPNGTCYFNGTNTSNSSITLLCRIKQIINMWQGIGKAIYAPPIAGNITCVSNITGLLLTRDGGSGNDTDPEIFRPAGGDMRDNWRSELYKYKVVEIKPLGVAPTKAQRRVVKRERRAVGIGAVLFGFLGAAGSTMGAASITLTVQARQLLSGIVQQQSNLLRAIEAQQHMLQLTVWGIKQLQARVLAIERYLRDQQLLGIWGCSGKLICTTTVPWNNSWSNKTYDEIWSNLTWMQWDREINNYTNTIYKLLEDSQSQQEINEKELLALDSWNNLWSWFDISNWLWYIKIFIMIVGGLIGLRIIFAVLSIVNRVRQGYSPLSFQTLIPTQREPDRPGRIEEEGGEHDRDRSRRLVSGFLALAWDDLRSLCLFSYHRLRDLLLIATRIVEILGRRGWEALKYLWNLLQYWIQELKNSAISLLDSTAIAVAEGTDRIIEAVQRIYRAIYNIPRRIRQGAETALL,CD,0,0.052,0,397,4
255,CE0682_E4,MRVTGIQRNYPQWWIWGILGFWMLMICSVGGNMWVTVYYGVPVWKEAKTTLFCASDAKAYEREVHNVWATHACVPTDPDPRELVLENVTENFNMWKNDMVDQMHEDIISLWDQSLKPCVKLTPLCVTLNCSNVNVAKCNYTTEGNDTINTMDKEMKNCSFNITTELRDKRRNEYALFYRSDIVELDKNDNASEYRLINCNTSSVTQACPKVNFDPIPIHYCAPAGYAILKCNDEAFNGTGPCSNVSTVQCTHGIKPVVSTQLLLNGSLAEKEIVIRSENLTNNVKTIIVQLNESVEIVCTRPNNNTRKSVRIGPGQTFYATGEITGDIRQAHCNISDELWNKTLQNVITKLQEHFPNKTIHFAPSAGGDLEITTHSFNCRGEFFYCDTSKLFNSTHRADDSPITLQCRIKQIINMWQGVGRAMYAPPIAGNIVCNSSITGLLLTRDGGGNGTETFRPGGGDMRDNWRSELYKYKVVEIKPLGIAPTKAKRRVVEREKRAALGAMFLGFLGMAGSTMGAASITLTVQARQLLSGIVQQQNNLLRAIEAQQHMLQLTVWGIKQLQARVLAIERYLRDQQLLGIWGCSAKLICTTNVPWNSSWSNKSQEDIWDNMTWMQWDREISNYTEEIYKLLEKSQMQQEQNEKDLLELDRWNNLWNWFDITKWLWYIKIFIMIVGGLIGLRIIFAVLSIVNRVRQGYSPLSFQTLIPAPRGPDRPGGIEEEGGEQDRDRSVRLVTGFLSIVWDDLRSLCLFSYHQLRDFILVTARAVELLGRSSLRGIQRGWEALKYLGSLIQYWGLELKKSAISLLDTTAIVVAEGTDRIIEVVQRFCRAIIHIPRRIRQGFEAALQ,C,1,50.0,1,397,3
256,T257_31,MRVRGIQRNCPPLWRWGIIIFWMLIICNADQLWVTVYYGVPVWRDAETTLFCASDAKAYDAEAHNIWATHACVPTDPSPQEIHIKNVTENYNMWKNNMVEQMHIDIISLWDQSLKPCVQLTPLCVTLNCSNYNGSSTSNSTSPPPATSFNDTSMIGEIKNCSYNMTTELRDKKKKVYSLFYKLDVVPLSNDSSNTQYRLINCNSSTITQACPKVSFEPIPIHFCAPAGFAILKCNEKNFNGTGPCRDVSTVQCTHGIKPVVSTQLLLNGSLAEGEVVIRSENISNNAKNIIVQLFKPVNITCIRPNNNTRKSIHIGPGQAFYAWGDITGDIRQAHCKVNKTEWEEALQKVATKFMKYFTNKTINFANASGGDLEITTHTFNCGGEFFYCSTSNLFNSTCTNNNGTANCTNTNGTALNETITLQCRIKQIVRMWQRVGQAMYAPPIQGVIRCESNITGIILTRDGGDSNDTNGNETFRPGGGDMRDNWRSELYKYKVVQLEPLGVAPTQSRRRVVEREKRAVGMGALFLGFLGAAGSTMGAASVTLTVQARQLLSGIVQQQSNLLRAIEAQQHLLKLTVWGIKQLQARILALETYLRDQQLLGLWGCSGKLICPTNVPWNSSWSNKTFEYIWDNMTWLEWDREINNYTEIIYNLIEQSQNQQEKNEQDLLALDKWASLWSWFSITNWLWYIKIFIMIVGGLIGLRIVFTVLNIINRVRQGYSPLSFQTLTHHQREPDRPERIEEGGGEQDRSRSVRLVNGFLTLAWDDLRSLCLFSYHRLRDFLLIVARGVELLGHSSLKGLRRGWEALKFLGNLLSYWGRELKNSAISLLDTIAVAVANWTDRVIEIGQRAGRAILNVPIRIRQGLERALL,02A1,1,50.0,1,397,4
257,DRVI01_0912_5,MRVMGIRKNYQHLWRWGTMLLGMLMICSAAEKLWVTVYYGVPVWKDANTTLFCASDAKAYDTEAHNVWATHACVPTDPNPQEVDLKNVTENFNMWKNNMVEQMHEDIISLWDQSLKPCVKLTPLCVILNCTNYNNTNYSNTSSNANSTTEGGEMKNCSFNVTTSINTKVKSNALFYNLDLVQIDNDNDNTSYRLIKCNTSVITQACPKISFEPIPIHYCAPAGFGIIKCKDKMFNGTGPCKNISTVQCTHGIRPVVSTQLLLNGSLAEKEVVIRSSNFSENDNIIIVQLNESLQINCTRPNNNTRKSIQLGLGRAWYATGEIIGNIRQAHCNISRAKWNNTLRLIVEKLREQFGNKTIIFNRSSGGDPEIVMHNFNCGGEFFYCNTTQLFNSTWNGTSTWNETSAENGTITLPCRIKQIVNMWQEVGKAMYAPPISGPIRCSSNITGLLLTRDGGNETNTTAETFRPGGGDMRDNWRSELYKYKVVRIEPLGVAPTKAKRRVVQREKREVTLGAMFLGFLGAAGSTMGAASITLTVQARQLLSGIVQQQRNLLMAIEAQQHLLQLTVWGIKQLQARVLAVERYLKDQQLLGIWGCSGKLICTTAVPWNASWSNKSQGEIWDNMTWMEWEREIENYTSTIYTLLEKSQNQQEKNELELLELDKWASLWNWFDITKWLWYIKIFIMIVGGLVGLRIIFAVLSIVNRVRQGYSPLSLQTRFPAQRGPDRPEGIEEEGGERDRDRSERLVNGFLTLFWEDLRNLCLFSYHLLRDFLLIVARIVELLGRRGWEALKYWWNLLQYWIQELKNSAISLFNATAIAVAEGTDRVIEVAQRAFRAILNIPTRIRQGLERALL,B,0,0.21,0,397,0
258,6644_V2_C33,MRVRGISRNWQQWWIWGILGFWMMYSGMGRDLWVTVYYGVPVWKEAKTTLFCASDAKAYEREVHNVWATHACVPTDPNPQEMVLKNVTENFRWENDMVDQMHENIIDLWDQSLKPCVKLTPLCVTLNCSNVNSNVNVTSNGTASQGNATYTNRMEEEIKNCSFNITTEIRGKKQKVHALFYKLDVVPLNGDSSNSSEYRLINCNTSAITQACPKVSFDPIPIHFCAPAGYAILKCNDKTFNGTGPCNNVSTVQCTHGIKPVISTQLLLNGSLAEGEIIIRSKNLTDNVQTITVHLNESISINCTRPNNNTRKSIRIGPGQIFYATGDIIGDIREAHCNISASQWNAALKGVKAKLKEHFSNKTINFTTSSGGDLEITTHSFNCRGEFFYCNTSGLFNETGLFNETHNSTMNDNITLPCRIKQIINMWQEVGRAVYAPPIAGNIACNSNITGLLLTRDGGSINGSEDENNTEIFRPGGGNMKDNWRSELYKYKVVEIKPLGIAPTAAKRRVVEREKRAVGLGAVFLGFLGAAGSTMGAASITLTAQARRVLSGIVQQQSNLLRAIEAQQHMLQLTVWGTKQLQARVLAIERYLKDQQLLGLWGCSGKLICTTAVHWNDSWSNKSVIDIWDNMTWMQWDKEIRNYTNTIYRLLEDSQTQQEKNEKDLLALDSWKSLWNWFAISKWLWYVKIFIIIIGSLIGLRIIFAMLSIVNRVRQGYSPLSFQTLTPNPRGPDRLGRIEEEGGEQNKDRSVRLVTGFLALVWEDLRSLCLFLYHRLRDFTLIVTRAVELLGRSSLRGLQRGWEALKYLGSLVQYWGGELKKSAVSLFDTIAIAVAEGTDRIIELIQRFCRAIRHIPTRIRQGFEAALQ,C,0,0.047,0,397,2
259,6952_V1_C20,MRAREMRRNCQNWWKWGIMLLGTLMICSAADNLWVTVYYGVPVWKEAKTTLFCASDAKSYKKEVHNIWATHACVPTDPNPQEIELGNVIENFNMWKNDMVDQMHEDIISLWDQNLKPCVKLTPLCVTLNCTAISNSTVTNNTNDRNSTIMGNDETRMNCSFNMTTVVRDKKKQVYALFYKLDIVSIDNSSTDYRLINCNTSAITQACPKVTFEPIPIHYCAPAGFAILKCRDKQFNGTGPCTNVSTVQCTHGIKPVVSTQLLLNGSLAEEEIIIRSKNLTDNTNTIIVQLNESIAINCTRPYNNTIQSTHIGPGQAIYTTYAKRIIGDIRQAHCNISGTKWSKTLSQVATKLGGLINKTEIRFQSSPGGDLEIRTHSFSCGGEFFYCNTSNLFNNTWNSSRSNWSSNWTKENNSTITIPCRIKQIINMWQRVGKAMYAPPIEGEIKCSSNITGLLLTRDGGNNNSSQETFRPGGGNMKDNWNSELYKYKVVKIEPLGIAPTKAKRRVVEREKRAIGLGAMFLGFLGAAGSTMGAASMALTVQARQLLSGIVQQQNNLLRAIEAQQHLLQLTVWGVKQLQARVLAVERYLKDQQLLGIWGCSGKHICTTNVPWNSSWSNKSVDEIWENMTWMQWEREIDNYTGLIYSLIEESQIQQEKNEQELLELDKWASLWNWFDITKWLWYIKIFIMIVGGLIGLRIIFAVLSIVNRVRQGYSPLSLQTLIPNSRGPDRLGRIEEEGGEQDRDRSIRLVNGFLALAWDDLRSLCLFCYHRLRDFILVTARVVELLGHSSLKGLQRGWEALKYLWNLLQYWSRELRKSAISLLDTISIAVAEGTDRALEVIQRACRAVVNIPVRIRQGLERLLL,41_CD,0,0.017,0,397,4
260,BG1168_1,MRVKGIMKNCQHLWRWGIMLLGILMICSATEKLWVTVYYGVPVWKEATTTLFCASDAKAYETEVHNVWATHACVPTDPNPQEVKLENVTEDFNVWKNDMVTQMHEDIISLWDQSLKPCVKLTPLCVTLHCTDVNTTCITTNNSTMTNSSNSSTEGNCSSYNYNGREELRNCSFNITTSIQDKVQDYAIFYKLDIVPIKSDNSDNTSYRLINCNTSVITQACPKISFEPIPIHYCAPAGFAILKCNDKKFSGKGTCNNVSTVQCTHGIRPVVSTQLLLNGSLAEEGVVLRSENFTNNAKTIIVQLKDPVKIECERPNNNTIKSIHLGPGRAWHATGQIIGDIRKAFCTLNSTNWTNTLKQMVEKLREQFENKTIAFNQSTGGDPEIVMHTFNCGGEFFYCNTTQLFNSIWYNTTNSSWNNKTWSNNTITLPCRIKQIINMWQQVGKAIYAPPIKGKIKCISNITGLLLTRDGGDTNNGTEIFRPGGGDMRDNWRSELYKYKVVQIEPLGVAPTKAKRRVVQREKRAVGLGAMFLGFLGAAGSTMGAASITLTVQARQLLSGIVQQQNNLLRAIEAQQHLLQLTVWGIKQLQARVLAVERYLKDQQLLGIWGCSGKLICTTAVPWNASWSNKSQEEIWDNLTWMQWEKEINNYTSVIYTLLEQSQNQQEKNEQELLELDKWASLWNWFDITKWLWYIRIFIMIVGGLIGLRIVFAVISIVNRVRQGYSPLSLQTRFPAPRGPDRPEGIEEEGGGRDRNISTRLVSGFLPLIWDDLRSLCLFSYHRLRDFLLIVARIVELLGRRGWEALKYWWNLLQYWSQELKNSAVSLLNTTAIVVAEGTDRIIEALQRICRAILHIPTRIRQGFERALL,B,1,50.0,1,397,1
261,DRVI01_0507_16,MRVMGIRKNYQHLWRWGTMLLGMLMICSAAEDLWVTVYYGVPVWKEANTTLFCASDAKAYDTEAHNVWATHACVPTDPNPQEVVLKNVTENFNMWKNNMVEQMHEDIISLWDQSLKPCVKLTPLCVTLNCTNYNNTSSNASSTTEGGEMKNCSFNVTTSIQTKVKDYALFYNLDIVQISNDSTSYRLINCNTSVITQACPKISFEPIPIHYCAPAGFGIIKCNDKMFNGTGPCTNVSTVQCTHGIRPVVSTQLLLNGSLAEEEVVIRSSNFSENARIIIVQLNKSVEINCTRPNNNTRKSIHLGPGRAWYATGEIIGDIRQAHCNISRTKWNNTLRQIVEKLREQFGNKTIIFNRSSGGDPEIVMHSFNCGGEFFYCNTTQLFNSTWNESSTWTETSAENDTITLPCRIKQIINMWQEVGKAMYAPPISGQIRCSSNITGLLLTRDGGKNETNTTETFRPGGGDMRDNWRSELYKYKVVKIEPLGVAPTKAKRRVVQREKRAVTLGAMFLGFLGAAGSTMGAASITLTVQARQLLSGIVQQQRNLLRAIEAQQHLLQLTVWGIKQLQARVLAVERYLKDQQLLGIWGCSGKLICTTAVPWKAEWSNKSQSEIWDNMTWMEWEREIENYTSTIYTLIEQSQNQQEKNELELLELDKWASLWNWFDITKWLWYIKIFIMIVGGLVGLRIVFAVLSIVNRVRQGYSPLSLQTRFPAQRGPDRPEGIEEEGGERDRDRSERLVNGFLTLFWEDLRNLCLFSYHLLRDFLLIVARIVELLGRRGWEALRYWWNLLQYWIQELKNSAISLFNATAIAVAEGTDRVIEVAQRAFRAILNIPTRIRQGFERALL,B,0,0.21,0,397,0
262,JRCSF,MRVKGIRKNYQHLWKGGILLLGTLMICSAVEKLWVTVYYGVPVWKETTTTLFCASDAKAYDTEVHNVWATHACVPTDPNPQEVVLENVTEDFNMWKNNMVEQMQEDVINLWDQSLKPCVKLTPLCVTLNCKDVNATNTTSSSEGMMERGEIKNCSFNITKSIRDKVQKEYALFYKLDVVPIDNKNNTKYRLISCNTSVITQACPKVSFEPIPIHYCAPAGFAILKCNNKTFNGKGQCKNVSTVQCTHGIRPVVSTQLLLNGSLAEEKVVIRSDNFTDNAKTIIVQLNESVKINCTRPSNNTRKSIHIGPGRAFYTTGEIIGDIRQAHCNISRAQWNNTLKQIVEKLREQFNNKTIVFTHSSGGDPEIVMHSFNCGGEFFYCNSTQLFNSTWNDTEKSSGTEGNDTIILPCRIKQIINMWQEVGKAMYAPPIKGQIRCSSNITGLLLTRDGGKNESEIEIFRPGGGDMRDNWRSELYKYKVVKIEPLGVAPTKAKRRVVQREKRAVGIGALFLGFLGAAGSTMGAASMTLTVQARQLLSGIVQQQNNLLRAIEAQQHMLQLTVWGIKQLQARVLAVERYLKDQQLMGIWGCSGKLICTTAVPWNTSWSNKSLDSIWNNMTWMEWEKEIENYTNTIYTLIEESQIQQEKNEQELLELDKWASLWNWFDITKWLWYIKIFIMIVGGLIGLRIVFSVLSIVNRVRQGYSPLSFQTLLPATRGPDRPEGIEEEGGERDRDRSGQLVNGFLALIWVDLRSLFLFSYHRLRDLLLTVTRIVELLGRRGWEILKYWWNLLQYWSQELKNSAVSLLNATAIAVAEGTDRIIEVVQRVYRAILHIPTRIRQGLERALL,B,0,0.1402690432538228,0,397,0
264,3365_V2_C20,MRVRGIQRNWQHLLRWGTMILGIIIICSAAENMWVTVYYGVPVWRDAETTLFCASDAKGYETEKHNVWATHACVPTDPNPQEIHLENVTEEFNMWKNNMVDQMHTDIISLWDQSLKPCVKLTPLCVTLQCSDVTSNGTNSNVTNREEMKNCSFNVTTEIRDKKQKVYSLFYRLDIVQISNSSNSSEYILINCNTSTLTQACPKISFEPIPIHYCAPAGFAILKCKDEEFDGTGPCKNVSTVQCTHGIKPVVSTQLLLNGSLAEKGVKVRSENITNNAKNIIIQLSKPVEINCIRPNNNTRKSIRIGPGQSFYATGDIIEDIREAHCNVSQTEWNNTLHQVAEQLQKYFNNKTIIFNGSSGGDLEITTHSFNCGGEFFYCNTSGLFNSSWNINGNRESNKTQSNGTITLPCRIKQIINMWQRAGQAIYAPPIQGAIKCVSNITGLILTRDGGNNNNSSNETFRPGGGDMRDNWRSELYKYKVVKIEPLGVAPTRAKRRVVEREKRAVGIGAVFLGFLGAAGSTMGAASITLTVQARQLLSGIVQQQSNLLRAIEAQQQLLKLTVWGIKQLQARVLAVERYLRDQQLLGIWGCSGKLICTTNVPWNSSWSNKSYSEIWDNMTWLQWDKEVSNYTQIIYQLIEESQNQQEKNEQDLLALDKWASLWNWFNISNWLWYIKIFIMIIGGLIGLRIVFIVISVINRVRQGYSPLSFQIHTPAPVDLDRPGRIEEEGGEQGRGRSIRLVSGFLALAWDDLRNLCLFSYHRLRDLILIAARTVELLGHSSLKGLRLGWEGLKYLWNLLLYWGRELKNSAINLFDTIAIAVAGWTDRIIEIGQRIGRAILNIPTRIRQGFERALL,A1,0,0.109,0,397,4
265,98IN022,MRVLRNYLQWWIWGILGFWMLMNCNGGKDPGLWVTVYYGVPVWKAKTSLFCASDAKAYEKEVHNVWATHACVPTDPNPQEMVLKNVTENFNMWKNDMVDQMHEDVISLWDQSLKPCVKLTPLCVTLKCSNNVTINSTRIKNSEEIKNCSFNTTTELDRRKKEYALFYRLDITPLDNKKNSSENSSEYYRLINCNTSAITQACPKVTFDPIPIHYCPAGYALLKCNNKTFNGTGPCNNVSTVLCTGIKPVVSTQLLLNGSLAEGIIIRSENLTNNAKTIIVQLNQSVEIVCTRPNNNTRKSIRIGPGQTFYATGDIIGDIREAHCNISADKWKETLQRVSKKLREHFPGKTINFTSSSGGDLEITTHSFNCRGEFFYCNTSGLFNGTYNPNVTESNNSTNTITLPCRIKQIINLWQEVGRAMYAPPIAGNITCKSNITGLLLTRDGGTNDTSTEIFRPGGGDMRDNWRSELYKYKVVEVKPLGVAPTGAKRRVVEREKRAVGIGAVFLGILGAAGSTMGAASITLTVQARQLLSGIVQQQSNLLRAIEAQQHLLQLTVWGIKQLQTRVLAIERYLKDQQLLGIWGCSGKLICTTAVPWNSSWSNKSQQEIWDNMTWMQWDREISNYTKTIYELLEESQYQQERNEKDLLALDSWKNLWDWFNISNWLWYIKIFIMIGGLIGLRIIFTVLSLVNRVRQGYSPLSFQTHTPNPGGPDRLGRIEEEGGEQDNARSIRLVNGFLALAWDDLRNLCLFLYRLRDFISVTARVVELLGRSSLKGLQRGWEALKYLGSLVQYWGLELKKSAISLLDTIAIAVAEGTDRIIEVQRICRAIRIPRRIRQGAERALL,C,1,50.0,1,397,3
266,DU156_12,MRVRGIPRNWPQWWTWGILGFWMIIMCKVAGNSWVTVYYGVPVWTEAKTTLFCASDAKAYEKEVHNVWATHACVPTDPNPQEIFLKNVTENFNMWKNDMVDQMHEDIISLWDQSLKPCVKLTPLCVTLNCVTYNNSMNSSATYNNSMNGEIKNCSFNTTTELRDKKQKVYALFYRTDVVPLNNNNNNSEYILINCNTSTITQACPKVSFDPIPIHYCAPAGYAILKCTDKKFNGTGSCNNVSTVQCTHGIKPVVSTQLLLNGSLAEEEIIIKSENLTDNIKTIIVQLNQSIGINCTRPNNNTRKSVRIGPGQTFYATGDIIGDIRQAHCNISRNQWNETLEQVKKKLGEHFHNQTKIKFEPPSGGDLEITTHSFNCRGEFFYCNTADLFTNATKLVNDTENKAVITIPCRIKQIINMWQGVGRAMYAPPIEGNITCNSNITGLLLTRDGGGNVTEINRTEIFRPGGGNMKDNWRNELYKYKVVEIKPLGVAPTGAKRKVVKREKRAVGLGAVLFGFLGAAGSTMGAASITLTAQARQLLSGIVQQQSNLLRAIEAQQHMLQLTVWGIKQLQARVLAIERYLKDQQLLGLWGCSGKLICTTNVPWNSSWSNKSQTDIWNNTTWMQWEREISNYTDTIYRLLEDSQNQQEENEKDLLALDRWQNLWNWFDITNWLWYIKIFIMIVGGLIGLRIIFGVLSIVKRVREGYSPLSFQTLTPTPRGLDRLGRIEEEGGEQDKDRSIRLVNGFLALAWDDLRSLCLFSYHQLRDFILIAARAVELLGRSSLRGLQKGWEALKYLGNLIQYWGLELKRRAINLLDISAIAVAEGTDRIIDIVLRTGRAIRNIPRRIRQGFGATLL,C,1,50.0,1,397,3
267,93UG070,MRVRGIERNYWWRWGTMLLGMLMTCSVAGQLWVTVYYGVPVWKEATTTLFCASDAKSHKAEAHNIWATHACVPTDPNPQEILENVTENFNMWNNMVEQMHEDIISLWDQSLKPCVKLTPLCVTLNCTECKNCTEGNNTVGNNTEIGMKNCSFNITTEVRDKKKQEYALFYKLDVVQMDNTNTSYRLINCNSSTITQACPKVSFEPIPIHYCTPAGFAILKCNDKKFNGTGPCNVSTVQCTHGIRPVVSTQLLLNGSLAEEEVIIRSENLTNNAKIIIQLNKSVEIRCARPYIKIWRRTHIGSGQAYSTKRIQNYTGPAHCNISGGDWNDTLKQVAEKLRHLLNKTIIIFKPPSGGDPEITTHSFNCGGEFFYCNTSLFNHTVFGTISTNGTITLPCRIKQIINMWQGVGAMYAPPIEGLINCTSNITGLLLTRDGGADNSQNETIRPGGGDMRDNWRSELYKYKVVRIEPLGLAPTKAKRRVVEREKRAIGLGAVFLGFLGAAGSTMGAASLTLTVQARQVMSGIVQQQNNLLRAIEAQQHLLQLTVWGIKQLQARVLAVESYLRDQQLLGAWGCSGHICTTNVPWNSSWSNKSLEQIWENMTWLEWEKEIDNYTGVIYRLIEESQTQQEKNEQDLLKLDQWASLWNWFSITKWLWYIKIFIMIVGGLIGLRIVFAVLSVVNRVRQGYSPLSFQTLLPVPRGPDRPEGIEEEGGEQGRGRSIRLVNGLSALIWDDLRNLCLFSYHRLRDLLLIARIVELLGRRGWEAIKYLWNIIQYWTQELKNSAISLLDTTAVAEATDRIEIVQRFRAVLHIPTRIRQGLERALL,D,1,50.0,1,397,4
268,A07412M1_VRC12,VRVKETVRNYQHLWRWGIMLLGMLMICSAADQLWVTVYYGVPVWKEATTTLFCASDAKAHKAEAHNIWATHACVPTDPNPREMILGNVTENFNMWKNNMVEQMHEDIISLWDQSLKPCVKLTPLCVTLNCTTYWNETLQGNETKGKNRSDIMTCSFNITTEIRDRKKQETALFYKLDVVPLEDKDSNKTTNYSSYRLINCNTSVVTQACPKVTFEPIPIHYCAPAGFAILKCNNKTFNGTGPCKNVSTVQCTHGIRPVVSTQLLLNGSLAEEEIIIRSENISNNAKTIIVQLNESVTIDCIRPNNNTRKSIRIGPGQALYTTDIIGNIRQAHCNVSKVKWGRMLKRVAEKLKDLLHQTKNITFEPSSGGDPEITTHSFNCGGEFFYCNTSGLFNGSLLNEQFNETSNDTLTLQCRIKQIINMWQGVGKAMYAPPIAGPISCSSNITGLLLTRDGGNTGNDSEIFRPGGGDMRDNWRSELYKYKVVRIEPMGLAPTRAKRRVVEREKRAIGLGAMFLGFLGAAGSTMGAASLTLTVQARQLLSGIVQQQNNLLRAIEAQQHLLQLTVWGIKQLQARVLAMESYLKDQQLLGIWGCSGKHICTTTVPWNSTWSNRSVEEIWNNMTWMQWEREIENYTGLIYTLIEESQTQQEKNEQELLQLDKWASLWNWFSITKWLWYIKIFIMIVGGLIGLRIVFTVLSLVNRVRQGYSPLSFQTLLPAPRGPDRPEGIEEEGGEQGRGRSIRLVNGFSALIWDDLRNLCLFSYHRLRNLILIVTRIVELLGRRGWEAIKYLWNLLQYWIQELKNSAISLLNTTAIVVAEGTDRVIEIVQRAVRAVLNIPRRIRQGFERALI,D,1,50.0,1,397,4
269,CNE5,MRVKETQMNWPNLWKWGTLILGLVMICSASNNLWVTVYYGVPVWRDADTTLFCASNAKAHSTEVHNVWATHACVPTDPNPQEIYLENVTENFNIWKNNMVEQMQEDIISLWDQSLQPCVKLTPLCVTLHCTTLNITNTTRNVTTPGPNLGNITDEVRNCSFNVTTEIRDKKHKVNALFYKLDIVQIENNNNNSNKYRLINCNTSVIKQACPKISFDPIPIHYCAPAGYAILKCNDKKFNGTGPCKNVSSVQCTHGIKPVVSTQLLLNGSLAEEEIIIRSENITDNAKTIIVHLNESVEINCTRPYNNTRKSITIGPGQVFYRQGEIIGDIRKAYCEINGTRWNTVLKKVKEKLKEHFNNTNITFQQPSGGDLEITTHHFNCRGEFFYCNTTKLFNNTCIEECNETICYNETTYLPCRIKQIINMWQGVGQAMYAPPIEGKISCVSNITGILLTRDGGNNNSTGNETFRPGGGNIKDNWRNELYKYKVVQIEPLGIAPTRARRRVVEREKRAVGIGAMIFGFLGAAGSTMGAASITLTVQARQLLSGIVQQQSNLLRAIEAQQHLLQLTVWGIKQLQARVLAVERYLKDQKFLGLWGCSGKIICTTAVPWNSSWSNKSYEEIWYNMTWIEWEREISNYTSQIYEILTESQNQQDKNEKDLLELDKWASLWNWFEITNWLWYIKIFIMIVGGLIGLRIVFAVLSIVNRVRQGYSPVSFQTPFHHQREPDRPERIEEGGGEQGRDRSVRLASGFLALVWDDLRSLCLFSYHRLRDFISIAARTVELLGHSSLKGLRRGWELLKYLGNLLVYWGQELRISAISLLDTIAVAVAGWTDRVIEVAQRAWRAFLHIPRRIRQGFERALV,01_AE,1,50.0,1,397,4
270,620345_C1,MKVKETQMNWLNLWRWGTLILGLVMICSASDKLWVTVYYGVPVWRDADTTLFCASDAKVHSTEVHNVWATHACVPTDPNPQEIHLENVTENFNMWQNKMAEQMQEDVISLWDQSLKPCIKLTPLCVTLSCTEAKFNETFNKIDNITKVSNLTDEMRNCSFNMTTELRDKKQQVYALFYKLDIVPIDNSSEYRLINCNTSVIKQACPKVSFDPIPIHYCTPAGYAILKCNDKNFNGTGPCKNVSSVQCTHGIKPVVSTHLLLNGSLAEEEIVIRSEDITKNTKTIIVHLNKSVEINCTRPSNNTRTSVRIGPGQVFYRTGEVITSIRKAYCEINGTKWNETLRQVAKKLKEHFKNKTIIFQPPSGGDLEVTTHHFNCRGEFFYCDTAQLFNSTWRGNETKEERNGTSNDIIILPCRIKQIVRMWQGVGQSMYAPPISGIINCVSNITGILLTSDGDGGPTADNETFRPAGGDMRDNWRSELYKYKVVQIEPLGIAPTRAKRRVVDREKRAVGIGAMIFGFLGAAGSTMGAASITLTVQARQLLSGIVQQQSNLLRAIEVQQHLLQLTVWGIKQLQARVLAVERYLKDQKFLGLWGCSGKIICTTAVPWNSTWSNKSYEDIWYNMTWIEWEREISNYTSQIYEILTESQNQQDRNEKDLLELDKWASLWNWFDITNWLWYIKIFIMIVGGLIGLRIIFAVLSIVNRVRQGYSPLSLQIPTRHQREPDRPEGIEEGGGEQGRDRSVRLVSGFLALAWDDLRSLCLFSYHRLRDFILIVARTVELLGRSSLKGLRRGWEGLKYLGNLLLYWSQELKISAISLLDATAIAVAGWTDRIIEVAQRAWRAFLHIPRRIRQGLERALL,01_AE,1,50.0,1,397,4
271,CNE55,MRVKETQMNWPNLWKWGVLILGLVIICSASDKLWVTVYYGVPVWRDADTTLFCASDAKAHETEVHNVWATHACVPTDPNPQEIHLVNVTENFNMWKNKMVEQMQEDVISLWDESLKPCVKLTPLCVTLNCTTANTNETKNNTTDDNIKDEMKNCTFNMTTEIRDKKQRVSALFYKLDIVPIDDSKNNSEYRLINCNTSVIKQACPKVSFDPIPIHYCTPAGYVILKCNDKNFNGTGPCKNVSSVQCTHGIKPVVSTQLLLNGSLAEEEIIIRSENLTDNAKNIIVHLNKSVEINCTRPSNNTRTSVRIGPGQVFYRTGDITGDIRKAYCEIDGTEWNKTLTQVAEKLKEHFNKTIVYQPPSGGDLEITMHHFNCRGEFFYCNTTQLFNNSVGNSTIKLPCRIKQIINMWQGVGQAMYAPPISGAINCLSNITGILLTRDGGGNNRSNETFRPGGGNIKDNWRSELYKYKVVEIEPLGIAPTKAKRRVVEREKRAVGIGAMIFGFLGAAGSTMGAASITLTVQARQLLSGIVQQQSNLLRAIEAQQHMLQLTVWGIKQLQARVLAVERYLKDQRFLGLWGCSGKTICTTAVPWNSTWSNKTYEEIWDNMTWTQWEREISNYTNQIYSILTESQSQQDKNEKDLLELDKWASLWNWFTLSRWLWYIKIFIMIVGGLIGLRIIFAVLSIVNRVRQGYSPLSFQTPILQQREPDRPERIEEGGGEQGRDTSVRFVSRFLALAWEDLRNLCLFSYHRLRDLLLIATRTVEILGHYSLKGLRRGWEVLKYLGNLLLYWGQELKTSAISLLDATAIATAEWTDRVIEVAQRAWRAFIHIPRRIRQGFERALL,01_AE,1,50.0,1,397,4
273,3468_V1_C12,MRVKVIKRNYQQFWRWGTVLLGMLMICSVTGNLWVTVYYGVPVWREATTTLFCASDAKSYEKEAHNVWATHACVPTDPNPQEIHMENVTEEFNMWKNSMVEQMHTDIISLWDQSLKPCVKLTPLCVTLQCSDVNVTTNGTANNTVTDNSREEIKNCSFNMTTELRDKERKVHSLFYRLDIVQIDKNNKNNGYRLINCNTSAITQACPKVSFEPIPIHYCAPAGFAILKCKDKEFNGKGQCKNVSTVQCTHGIKPVVSTQLLINGSLAEKEVIIRSENITNNAKTIIVQLAKPVNITCIRPNNNTRKSVRIGPGQAFYTSDIIGNIRQAYCNVSGTEWNDALKQVAIQLGKHFNRTIIFANASGGDLEVTTHSVNCGGEFFYCNTSGLFSSTWNVTYNNNTWNATQVSNSTEPNGTIVIPCRIKQIINMWQRTGQAMYAPPIPGKIQCISNITGLLLTRDGGDTSSMNETFRPGGGDMRDNWRSELYKYKVVKIEPLGVAPTRAQRRVVGREKRAVGLGAVFLGFLGAAGSTMGAASLTLTVQARQLLSGIVQQQNNLLRAIEAQQQLLKLTVWGIKQLQARVLAVERYLRDQQLLGIWGCSGKLICTTNVPWNSSWSNKSYNEIWDNMTWMQWDKEVSKYTETIYGLIEEAQNQQEKNEQDLLALDKWANLWNWFNISNWLWYIRIFIMIVGGLIGLRIVFAVLSLVNRVRQGYSPLSFQTLLPVPRGPERPEGIEEEGGEQGRGRSIRLVNGFFSLIWDDLRNLCLFSYHCLRDLASTATRTVEILGRRGWEAVKYLWNLLQYWIQELKNSTIRLFDIVAIAVAEGTDRVIEIVLRAGRAIFNIPTRIRQGAERAFL,A1D,1,50.0,1,397,4
274,KO426_T78_10,MRVRGILRNWQQWWIWGILGFWMLMICSVVGNLWVTVYYGVPVWKEAKTTLFCASDAKAYEKEVHNVWATHACVPTDPNPQEVVLENVTENFNMWKNGMVDQMQEDVISIWDQSLKPCVKLTPLCVTLNCTNVNVTSNSTNVNSSSTDNTTLGEIKNCSFDITTEIRDKTRKEYALFYRLDIVPLDNSSNPNSSNTYRLINCNTSTLTQACPKVTFDPIPIHYCAPAGYAILKCNNKTFNGKGPCNNVSTVQCTHGIKPVVSTQLLLNGSLAEEEIVIRSKNLSDNAKIIIVQLNKSVEIVCTRPNNNTRRSIRIGPGQTFYATDIIGDIRQAYCNISGRNWSEAVNQVKKKLKEHFPQKNISFQSSSGGDLEITTHSFNCGGEFFYCNTSGLFNDTISNATIMLPCRIKQIINMWQEVGKAIYAPPIKGNITCKSDITGLLLLRDGGNTTNNTEIFRPGGGDMRDNWRSELYRYKVVEIKPLGVAPTDAKRRVVERNKRAVGIGAVFLGFLGAAGSTMGAASITLTVQARQLLSGIVQQQSNLLRAIEAQQHMLQLTVWGIKQLQTRVLAIERYLKDQQLLGLWGCSGKLICTTAVPWNISWSNKSKEEIWENMTWMQWDREINNYTNTIYRLLEESQNQQENNEKDLLALDSWNNLWNWFNITNWLWYIKIFIMIVGGLIGLRIIFIVLSIVNRVRQGYSPLSFQTLIPNPRGPDRPGGIEEEGGEQDRDRSVRLVNGFLALAWDDIRSLCLFCYHRLKDCALIAARGVELLGRRGWEALKYLGNLVQYWGLEIKKSTINLIDTIAIAVAEGTDRIIELAQRIGRAIRNIPTRIRQGFEAALL,C,0,44.2,0,397,2
