,virus_id,sequence,subtype,phenotype,ic80,right_censored,bnAb,subtype_phenotype
12,R2184_C4,MRVKETQMNWPNLWKWGTLILGLVIICSASDNLWVTVYYGVPVWRDADTTLFCASDAKAHETEAHNVWATHACVPTDPSPQEIHLENVTENFNMWKNNMVEQMQEDVISLWDQSLKPCVKLTPLCVTLNCTNAKLTKVSNTTDDVPSIVGNVTDEIKNCSFNMTTELRDKKQSVHALFYKLDIVPMKDPDSSNSTKYRLINCNTSVIKQACPKISFDPIPIHYCTPAGYAILKCNEKNFTGTGPCKNVSSVQCTHGIKPVVSTQLLLNGSLAEDEIIIRSENLTDNTKTIIVHLNKSVEINCTRPSNNTRTSMTIGPGQVFYRTGDIVGNIRKAYCVINGTIWNKVLKQVADKLKEHFNKTTVFQPPSGGDLEITMHHFNCRGEFFYCNTTKLFNNTCINDTRNNETEEECKNNIILPCKIKQIINMWQRVGQAMYAPPIRGSINCVSNITGILLTRDGGTNTSKNNETFRPGGGNIKDNWRSELYKYKVVQIEPLGIAPTRARRRVVEREKRAVGIGAMIFGFLGAAGSTMGAASITLTVQARQLLSGIVQQQSNLLRAIEAQQHLLQLTVWGIKQLQARVLAVERYLKDQKFLGLWGCSGKIICTTAVPWNSTWSNKSYEEIWNNMTWIEWEREISNYTNQIYEILTKSQDQQDRNEKDLLELDKWASLWNWFDITNWLWYIKIFIMIVGGLIGLRIIFAVLSIVNRVRQGYSPLSFQTPTHHQREPDRPERIEEGGGEQGRDRSVRLVSGFLALAWDDLRSLCLFSYHRLRDFILIAARTVELLGHSSLKGLRRGWEGLKYLGNLLFYWGRELKISAISLLDTTAIAVAGWTDRVIEAAQRAWRAILHIPRRIRQGLERALL,01_AE,0,0.0339999999999999,0,400,4
13,HT593_1,AKEMRKHCQHLWRRGIMLLGMLMTCSAAENLWVTVYYGVPVWKEATTTLFCASDAKAYETEVHNVWATHACVPTDPNPQEVLLENVTENFNMWKNNMVEQMQEDIISLWDQSLKPCVKLTPLCVTLECHDVNVNGTANNGTTNVTESGVNSSDVTSNNVTNSNWGTMEKGEIKNCSFNITTNIRDKMQKETAQFYKLDIVPIEDQNKTNNTLYRLINCNTSVITQACPKVSFEPIPIHYCTPAGFAILKCNDRNFNGTGPCKNVSTVQCTHGIKPVVSTQLLLNGSLAEAEVVIRSENFTNNAKTIIIQLNETVEINCTRPNNNTSKRISIGPGRAFRATKIIGNIRQAHCNISRATWNSTLKKIVAKLREQFGNKTIVFQPSSGGDPEIVMHSFNCGGEFFYCNTTQLFNSTWNSTEESNSTEEGTITLPCRIKQIINMWQEVGKAMYAPPIEGQIRCSSNITGLLLTRDGGNNNKTNGTEIFRPGGGDMRDNWRSELYKYKVVKIEPLGVAPTKAKRRVVQREKRAVGIVGAMFLGFLGAAGSTMGAASMTLTVQARLLLSGIVQQQNNLLRAIEAQQHLLQLTVWGIKQLQARVLAVERYLKDQQLLGIWGCSGKLICTTTVPWNTSWSNKSLSEIWDNMTWMQWEREIDNYTSLIYTLIEESQNQQEKNEQELLELDKWAGLWNWFEITNWLWYIKIFIMIVGGLVGLRIVFAVLSIVNRVRQGYSPVSFQTHLPAPRGPDRPEGIEEEGGERDRGRSVRLVNGFLALIWDDLRSLCLFSYHRLRDLLLIIARIVELLGRRGWEALKYWWNLLQYWSQELKNSAVNLLDATAIAVAEGTDRIIEVVRRAFRAILHIPTRIRQGLERALL,B,0,0.76,0,400,0
14,JRFL,MRVKGIRKNYQHLWRGGTLLLGIIVICSAVEKLWVTVYYGVPVWKEATTTLFCASDAKAYDTEVHNVWATHACVPTDPNPQEVVLGNVTEKFNMWKNNMVEQMQEDIISLWDQSLKPCVKLTPLCVTLNCKDVNATNTTNGSEGTMERGEIKNCSFNITTSIRDEVQKEYALFYKLDVVPIDNNNTSYRLISCDTSVITQACPKISFEPIPIHYCAPAGFAILKCNDKTFNGKGPCKNVSTVQCTHGIRPVVSTQLLLNGSLAEEEVVIRSDNFTNNAKTIIVQLKESVEINCTRPNNNTRKSIHIGPGRAFYTTGEIIGDIRQAHCNISRAKWNDTLKQIVIKLREQFENKTIVFNHSSGGDPEIVMHSFNCGGEFFYCNSTQLFNSTWNNNTEGSNNTEGNTITLPCRIKQIINMWQEVGKAMYAPPIRGQIRCSSNITGLLLTRDGGINENGTEIFRPGGGDMKDNWRSELYKYKVVKIEPLGVAPTKAKRRVVQREKRAVGIGAVFLGFLGAAGSTMGAASMTLTVQARLLLSGIVQQQNNLLRAIEAQQRMLQLTVWGIKQLQARVLAVERYLGDQQLLGIWGCSGKLICTTAVPWNASWSNKSLDRIWNNMTWMEWEREIDNYTSEIYTLIEESQNQQEKNEQELLELDKWASLWNWFDITKWLWYIKIFIMIVGGLIGLRIVFTVLSIVNRVRQGYSPLSFQTLLPAPRGPDRPEGIEEEGGERDRDRSGRLVNGFLALIWVDLRSLCLFSYHRLRDLLLTVTRIVELLGRRGWEVLKYWWNLLQYWSQELKNSAVSLLNATAIAVAEGTDRIIEALQRTYRAILHIPTRIRQGLERALL,B,0,0.039,0,400,0
18,CH070_1,MRVTGIRKNCRRLWRWGIMLLGMLMICSALENLWVTVYYGVPVWKDATTTLFCASDAKGYETEVHNVWATHACVPTDPNPQELVLGNVTENFNMWKNDMVDQMHEDVISLWDQSLKPCVKLTPLCVTLKCKDVSINNGNVSSSNGSTSHNNSSIDNETLNEGMKEMKNCSFNATTVLRDKKQKVHALFYRLDIVPLNESNKNSRKYRLINCNTSAITQACPKVTFDPIPIHYCAPAGYAILKCNNKTFNGTGPCRNVSTVLCTHGIKPVVSTQLLLNGSLAEEDIIIRSENLTNNAKTIIVHLNESVEIVCTRPGNNTRKGIGIGPGQTFYATGEIIGDIRKAHCNISKDNWTETLYRVSRKLKHFWNKTIIFAPHSGGDLEITTHSFNCRGEFFYCNTSGLFNGTLNDTYMHNSTKSNETITIPCKIRQIVRMWQQVGQAMYAPPIEGNITCKSNITGLLLVRDGGNINRTNETFRPEGGDMRDNWRSELYKYKVVEIKPLGIAPTKAKRRVVEREKRAVGLGAVFLGFLGIAGSTMGAASITLTVQARQLLSGIVQQQNNLLKAIEAQQHLLQLTVWGIKQLQARVLAIERYLKDQQLLGIWGCSGKLICTTAVAWNSSWSNKSLGEIWDNMTWMQWDKEINNYTSIIYSLLEDSQIQQEKNEKDLLALDSWNNLWNWFDITSWLWYIRLFIMIVGGLIGLRIIFAVLSIVNRVRQGYSPLSFQTLTPNPIPGGPDRLGRIEEEGGEQDRDRSIRLVSGFLALAWDDLRNLCLFSYHRLRDFILVTARVVELLGRSSLRGLQRGWEALKYLGSLVQYWGQELKKSAISLIDTIAITVAEGTDRIIEAVQRLCRGIYNIPRRIRQGFEAALQ,07_BC,1,50.0,1,400,4
20,Q769_D22,MRAMGIQRNWQNLWRWGTMILGMILICCSAAGNLWVTVYYGVPVWRDAETTLFCASDAKAYDREAHNVWATHACVPTDPSPQEVPLGNVTEEFNMWKNNMVEQMHTDIISLWDQSLQPCVKLTPLCVTLNCSNSNNIPSVSNITDDMKEEIKNCSFNMTTELKDKKQNVYSLFYRLDVVPLETKTNQNSSHSRYRLINCNTSAITQACPKVSFEPIPIHYCAPAGFAILKCNDKGFNGTGLCKNVSTVQCTHGIKPVVSTQLLLNGSLAEGKVMVRSENITNNAKNIIIQFNNSVQINCTRPGNNTRKSIHLGPGKVFYATDIIGDIRKAHCNVNRQQWNKTLQDVATQLRTHFRNRTIIFNNSLGGDLEITTHSFNCRGEFFYCNTSGLFNGIWNGTQEPNRTESNDTITLQCRIKQIINMWQRVGQAIYAPPIQGEIRCESNITGLILTRDGGIINSTEETFRPGGGDMRDNWRSELYKYKVVKIEPLGVAPTKAKRRVVEREKRAVGFGAFFLGFLGAAGSTMGAASITLTVQARQLLSGIVQQQNNLLRAIEAQQHLLKLTVWGIKQLQARVLAVERYLKDQQLLGIWGCSGKFICTTTVPWNSSWSNKSQSEIWDNMTWMQWDKEINNYTQIIYDLIEESQRQQEKNEQDLLALDKWANLWNWFDISNWLWYIKIFIMIVGGLIGLRIAFAVLSVINRVRQGYSPLSFQTHTPNPRDLDRPGRIEEEGGEQDRDRSIRLVSGFLALAWDDLRSLCLFSYHRLRDFILVAARTVELLGHISLKGLRRGWEGLKYLGNLLSYWGRELKISAINLLDTIAIVVAEWTDRIIEIGQRLCRAIINIPRRIRQGFERALL,A1,0,0.1599999999999999,0,400,4
23,KER2008_12,MRVMGTQRNWQPLLRWGTMILGMLMICSAADNLWVTVYYGVPVWKDAETTLFCASDAKAYETEKHNVWATHACVPTDPSPQEIPLKNVTEKFNMWKNNMVEQMHTDIISLWDQSLKPCVQLTPLCVTLNCSDVTTNNTKVNTTSAPTTTATVNNDNDMKNCSYNITTELRDKKQKRYSLFYRLDVELINKNNSNSTEYVLINCKTSTLTQACPKVSFEPIPKHYCAPAGFAILKCKDKEFNGTGLCKNVSTVQCTHGIKPVVSTQLLLNGSLVEKRVMIRSANITDNTKNIIVQLKEPVEINCTRPNNNTRKGVHIGLGRRFYTTQVVGDIRQAYCNVSKSKWNDTLKKVVYQLRKYFNKTIIFNSSSGGDVEITTHMFTCGGEFFYCNTSGLFNSTWPVNASEQESNSTESDGIITLRCRIKQIINMWQRTGQAMYAPPIQGIIKCVSNITGLLLTRDGGNSTVNETFRPGGGDMRDNWRSELYKYKVVKIEPLGVAPTKARRRVVGREKRAVGIGAVFLGFLGAAGSTMGAASITLTVQARQLLSGIVQQQNNLLRAIEAQQQLLKLTVWGIKQLQARVLAVERYLRDQQLLGIWGCSEKLICTTNAPWNSSWSNKSQSEIWDNMTWLQWDREINNYTDIIYRLLEDSQNQQEKNEQDLLALDKWSSLWTWFDLSNWLWYIKIFIMIVGGLIGLRIVFAVLAVINRVRQGYSPLSFQTLTPNPGELDRPGRIEGEGGEQDRGRSIRLVSGFLALAWDDLRSLCLFSYHHLRDFILIAARIVGLLGRRGWEGLKYLWNLLIYWGQELKTSAVSLLDTIAIVVAGWTDRVLEIGQRIGRAFINIPRRIRQGFERALL,A1,0,0.3271238297648156,0,400,4
25,ZM53_12,MRVREIPRNYQQWWIWGILGFWMLMICSVVGNLWVTVYYGVPVWREAKTTLFCASDAKAYEREVHNVWATHACVPTDPNPQEMVLENVTENFNMWKNDMVDQMQEDIISLWDQSLKPCVKLTPLCVTLNCSKLNNATDGEMKNCSFNATTELRDKKKQVYALFYKLDIVPLDGRNNSSEYRLINCNTSTITQACPKVSFDPIPIHYCAPAGYAILKCNNKTFNGTGPCHNVSTVQCTHGIKPVISTQLLLNGSTAEEDIIIRSENLTNNAKTIIVHLNESIEIECTRPGNNTRKSIRIGPGQAFFATTNIIGDIRQAYCIINKANWTNTLHRVSKKLEEHFPNKTINFNSSSGGDLEITTHSFNCGGEFFYCNTSSLFNGTYNDTDIYNSTDIILLCRIKQIINMWQEVGRAMYAPPIEGNITCSSNITGLLLTRDGGLTNESKETFRPGGGDMRDNWRSELYKYKVVEIKPLGIAPTKAKRRVVEREKRAVGLGAMFLGFLGAAGSTMGAASITLTVQARQLLSGIVQQQNNLLRAIEAQQHMLQLTVWGIKQLQARVLAIERYLKDQQLLGLWGCSGKLVCTTAVPWNSSWSNKSQEDIWNNTTWMQWDKEVSNYTKTIYKLLEKSQNQQEENEKDLLALDSWNNLWNWFDISNWLWYIKIFIMIVGGLIGLRIIFAVLSIVNRVRQGYSPLSFQTLTQNPRGLDRLGRIEEEGGEQDRDRSVRLVNGFLALFWDDLRSLCLFSYHRLRDFILIATRVVELLGRSSLKGLQRGWEALRYLGSRVQYWGLELKKSAISLFDTIAIAVAEGTDRIIELIQRSWRAIRNIPRRIRQGFETALL,C,1,17.0,0,400,3
31,NKU3006_EC1,MRVKGTERNYQHLWKWGMMLLGMLMICNVTGKLWVTVYYGVPVWKEATTTLFCASDAKSYEAEAHNIWATHACVPTDPNPREIKLENVTEHFNMWKNNMVEQMHKDIISLWDQSLKPCVKLTPLCVTLNCTDVKNETIAKTFNKNKTMKNETMKNLNDTIKNLNETMTNCSFRVTTELRDKEKQVHALFYRLDVVKTDGGNNSYRLINCNTSVITQACPKITFEPIPIHYCAPAGFAILKCNNKTFNGTGPCKNVSTVQCTHGIKPVVSTQLLLNGSLAEEETIIRSENITNNAKTIIVQLNESVTINCTRPSNNTRQSIRIGPGQAFYTTEVIGNIRLAFCEINGTEWNKTLQQVAKKLGNLFSNKTIIFKPSSGGDLEITTHSFNCRGEFFYCNTSKLFNSTWDNDTWSDTTNSTGGNASKIILPCRIKQIINMWQEVGKAMYAPPIRGAINCLSNVTGLLLTRDGGNTNSTNETFRPGGGDMRDNWRSELYKYKVVRIEPLGLAPTEAKRRVVEREKRAIGLGALFLGFLGAAGSTMGAASMTLTVQARQVLSGIVQQQNNLLKAIEAQQHMLQLTVWGIKQLQARILAVERYLKDQQLLGIWGCSGKHICTTNVPWNASWSNKSLEAIWKNMTWMEWEREIDNYTELIYNLLEESQIQQEKNEQELLQLDKWASLWNWFSITQWLWYIKIFIMIVGGLIGLRIVFAVFSLVNRVRQGYSPLSFQTLLPAPRGPDRPEGIEEEGGEQGRGRSIRLVNGLSALIWDDLRSLCLFSYHRLRDLILIATRIVELLGRRGWEAIKYLWNLLQYWIQELKNSAISLLDATAITVAGGTDRAIEIVQRIVRAILNIPTRIRQGLERALL,D,0,0.3499999999999999,0,400,4
37,R1166_C1,MRAKETQMNWPNLWKWGTLILGLVIICSASNNLWVTVYYGVPVWRDADTTLFCASDAKAHETEVHNVWATHACVPTDPNPQEIHLANVTENFNMWKNNMAEQMQEDVISLWDQSLKPCVKLTPLCVTLNCTKANFTKANSTNTSTNVSSTTGNITEEVRIENRTEEVRNCSFNMTTELRDKQQKVYALFYKLDLAQIGDKNSSNYRLINCNTSVIKQACPKISFDPIPIHYCTPAGYAILKCNDKNFNGTGPCKNVSSVQCTHGIKPVVSTQLLLNGSLAEEEIIIRSENLTNNAKTIIVHLNKSVEIKCTRPFNNTRTSVTIGPGQVFYKTGDIIGDIRRAYCEINRTEWNTTLKQVTKKLEKEFKNKTIIFQPPSGGDLEITMHHFNCRGEFFYCNTSHLFNSTWWMGNETREGCNSTNCTIILPCKIKQIINLWQKVGQAMYAPPIRGNISCVSNITGILLTRDGGVNNSTNETFRPGGGNIKDNWRNELYKYKVVQIEPLGIAPTRAKRRVVEREKRAVGIGAMIFGFLGAAGSTMGAASITLTVQARQLLSGIVQQQSNLLRAIEAQQHLLQLTVWGIKQLQARVLAVERYLKDQTFLGLWGCSGKIICTTAVPWNSTWSNKSYEEIWENMTWIEWEREISNYTNQIYGILTESQNQQDRNEKDLLELDKWASLWNWFDITKWLWYIKIFIMIVGGLIGLRIIFAVLSLVNRVRQGYSPLSFQTLTHHQREPDRPERTEEGGGEQDRDRSVRLVTGFLALAWDDLRSLCLFLYHRLRDFIWIAARTLELLGHSSLKGLRRGWEGLKYLGNLLLYWGQELKTSAISLLDATAIAVAGWTDRVIEVAQGAWRAFLHIPRRIRQGLERALL,01_AE,0,0.535,0,400,4
47,R3265_C6,MRVKETQTNWPNLWKWGTLILGLVIICSASDNWWVTVYYGVPVWRDADTTLFCASDAKAHVTEVHNVWATHACVPTDPNPQEIYLENVTEYFNMWKNNMAEQMQEDVISLWDQSLKPCVRLTPLCVTLHCTYANLTNVTNTAKGSDIIGNITDEVRNCSFNMTTELKDKKQKIYALFYKLDIVQVNKSSSEYRLINCNTSVIKQACPKISFDPIPIHYCTPAGYAILKCNDKNFNGTGECNNVSSVQCTHGIKPVVSTQLLLNGSLAEDEIVIRSENITNNAKTIIVHLNKSVEIKCIRPSNNTRTSMTIGPGQVFYRTGDIIGDIRQAYCEINQTKWNETLKQVAGKLKEHFNKTIIFRPPSGGDLEITMHHFNCRGEFFYCNTTQLFNSTWIGNETIGNETMKGGNNGTITLPCRIKQIINMWQGVGQAMYAPPISGNISCASNITGILLTRDGGDDGATNETFRPVGGNIKDNWRSELYKYKVVQIEPLGIAPTRAKRRVVEREKRAVGIGAMIFGFLGAAGSTMGAASITLTVQARQLLSGIVQQQSNLLRAIEAQQQLLQLTVWGIKQLQARVLAVERYLKDQKFLGLWGCSGKTICTTAVPWNSTWSGNRSYEDIWNNMTWVQWEREISNYTSQIYEILTESQNQQERNEKDLLELDQWASLWNWFTITKWLWYIKIFIMIVGGLIGLRIVVAVFSIVNRVRQGYSPLSFQTPTHHQREPDRPEGIEEEGGEQGRDRSVRLVSGFLALFWDDLRSLCLFLYHRLSGFILIVTRTVELLGHSSRKGLRRGWEGLKYLGNLLLYWGQELKISAISLFDATAIAVAGWTDRVIEVAQRAWRAILHIPRRIRQGLERTLL,01_AE,1,4.4,0,400,4
51,CH119_10,MRVTGIRKNYRHLWRWGTMLLGMLMICSAVGNLWVTVYYGVPVWKEATTTLFCASDAKAYDTEVHNVWATHACVPTDPSPQELVLENVTENFNMWKNEMVNQMHEDVISLWDQSLKPCVKLTPLCVTLECSKVSNNETDKYNGTEEMKNCSFNATTVVRDRQQKVYALFYRLDIVPLTEKNSSENSSKYYRLINCNTSAITQACPKVSFEPIPIHYCTPAGYAILKCNDKTFNGTGPCHNVSTVQCTHGIKPVVSTQLLLNGSLAEGEIIIRSENLTNNVKTILVHLNQSVEIVCTRPNNNTRKSIRIGPGQTFYATGDIIGDIRQAHCNISKWHETLKRVSEKLAEHFPNKTINFTSSSGGDLEITTHSFTCRGEFFYCNTSGLFNSTYMPNGTYLHGDTNSNSSITIPCRIKQIINMWQEVGRAMYAPPIEGNITCKSNITGLLLVRDGGTESNNTETNNTEIFRPGGGDMRDNWRSELYKYKVVEIKPLGVAPTAAKRRVVEREKRAVGIGAVFLGFLGVAGSTMGAASMTLTVQARQLLSGIVQQQSNLLRAIEAQQHLLQLTVWGIKQLQTRVLAIERYLKDQQLLGIWGCSGKLICTTAVPWNSSWSNKSQKEIWDNMTWMQWDKEISNYTNTIYKLLEDSQNQQESNEKDLLALDSWNNLWNWFNITQWLWYIKIFIIIVGGLIGLRIIFAVLSIVNRVRQGYSPLSFQTLTPTSGGRPDRLERIEEEGGEQDRDRSIRLVNGFLALAWDDLRNLCLFSYHRLRDFILVAARVVELLGRTSLRGLQRGWEALKYLGSLVQYWGQELKKSAISLVDTIAIVVAEGTDRIIDIVQAFCRAIYNIPRRIRQGFEAALQ,07_BC,1,3.72,0,400,4
56,A03349M1_VRC4A,MRVRGIQRNYQNLWRWGTLLLGMLMICKATEQLWVTVYYGVPVWKEATTTLFCASDAKSYKEEAHNIWATHACVPTDPNPRELIIENVTENFNMWKNNMVEQMHEDIISLWDQSLKPCVKLTPLCVTLNCTEWRKNNTINATGIEMKNCSFNLTTEIRDRKKQVHALFYKLDVVPIDDNNSTNTSYRLINCNTSAITQACPKVTFEPIPIHYCAPAGYAILKCNNKKFNGTGPCNNVSTVQCTHGIRPVVSTQLLLNGSLAEEDIIIRSENLTNNAKIIIVQLNESVTINCTRPYNNTRRGVHIGPGRAYYTTDIIGDIRQAHCNISGAEWNKTLHRVAKKLRDLFKKTTIIFKPSSGGDPEITTHSFNCRGEFFYCNTTRLFNSIWGNNSTGVDESITLPCRIKQIINMWQGVGKAMYAPPIEGLISCSSNITGLLLTRDGGGNESSQNETFRPGGGDMRDNWRSELYKYKVVRIEPLGLAPSKAKRRVVEREKRAIGLGAMFLGFLGAAGSTMGAASLTLTVQARQLLSGIVQQQNNLLRAIETQQHLLQLTVWGIKQLQARVLAVESYLRDQQLLGIWGCSGRHICTTNVPWNSSWSNKTLKSIWDNMTWMEWEREIDNYTGIIYNLLEESQTQQERNEQDLLKLDQWASLWNWFSITKWLWYIKIFIMIVGGLIGLRIVFAVLSIVNRVRQGYSPLSFQTLLPAPRGPDRPEGIEEEGGEQGRGRSIRLLNGLLALIWDDLRNLCLFCYHRLRDLILIATRVVEILGHRGWEAIKYLWNLFQYWIQELKNSAISLLNTTAIVVAEGTDRVIEIVQRAGRAVLNIPRRIRQGAERALL,D,1,6.4,0,400,4
63,TZBD_02,MRVRGRLRNWQQWWIWMWARLGFWLFMICNVVIGNLWVTVYYGVPVWKDAKTTLFCASDAKAYEKEVHNVWATHACVPTDPNPQEIVLGNVTEDFNMWENDMVDQMHEDIISLWDQSLKPCVKLTPLCVTLNCTNVNVTRGNNTQGYNTNSNNTDGGMRNCSFNITTELRDKKKKEYALFYKLDIVPLNVSTKEYRLINCNTSTVTQTCPKVSFDPIPIHYCAPAGYAILKCNNKTFTGTGPCLNVSTVQCTHGIKPVVSTQLLLNGSLAEEEIIIRSKNLTNNVNTIIVHLNESVEIVCTRPNNNTRKSIRIGPGQTFYATDIIGDIRQAYCNISKDDWNKTLQEVGRKLEEHFPNKTIEFKPSSGGDLEITTHSFNCRGEFFYCNTSGLFNSTYNSAYKSNDTTNSTITLPCRIKQIVNMWQEVGRAMYAPPIAGNITCKSNITGLLLVRDGGGESNETEIFRPGGGDMRDNWRSELYKYKVVEVKPLGIAPTEAKRRVVKRDKRAVGIGAMFLGFLGAAGSTMGAASMTLTVQARQVLSGIVQQQSNLLRAIEAQQHMLQLTVWGIKQLQARVLAIERYLKDQQLLGIWGCSGKLICTTAVPWNSSWSNISQKIIWENMTWMEWDKEISNYTNTIYSLLEESQSQQEKNEKELLALDSWKNLWNWFDISNWLWYIKLFIMIVGGLIGLRIIFAVLSIVNRVRQGYSPLSFQTLTPNPRELDRLGRIEEEGGEQDRGRSIRLVNGFLALAWDDLRSLCLFLYHRLRDFILIVTRGVELLGRSSLRGLQKGWEALKYLGSLVQYWGLELKKSAISLFDAFAIAVAEGTDRIIEVIQRICRAICNIPRRIRQGFEAALQ,C,0,0.3409985337211878,0,400,2
70,CAAN5342,MRVKEIRKNYRHLWKWGIMLLGMLMICSATENLWVTVYYGVPVWKEATTTLFCASDAKGYEKEVHNVWATHACVPTDPNPQEVVLENVTENFNMWKNNMVEQMHEDIISLWDQSLKPCVKLTPLCVTLNCSDVNTTSVNTTASSMEGGEIKNCSFNTTTSMSDKMQKEYALFYTLDVVPIVKENNTYRLISCNTSVITQACPKVSFEPIPIHYCAPAGFAILMCNNKTFDGKGPCNNVSTVQCTHGIKPVVSTQLLLNGSLAEEEVVIRSDNFTDNAKTIIVHLNESIEITCTRPNNNTSKSITIGPGRAFYATGRIIGDIRKAHCNISGEKWHNALEQIVKKLGEKFENATTIRFNQSSGGDQEIVMHTFNCGGEFFYCNSTQLFNSTWWPNGTTTEWSNETSNGTITLPCRIKQIINMWQEVGKAMYAPPISGPISCSSNITGLLLVRDGGNDNETNGTETFRPGGGDMRDNWRSELYKYKVVKIEPLGVAPTKAKRRVVQREKRAVGLGAMFLGFLGAAGSTMGAASITLTVQARLLLSGIVQQQNNLLRAIEAQQHLLQLTVWGIKQLQARVLAIERYLKDQQLLGIWGCSGKLICTTAVPWNSSWSNKSLKWIWDNMTWMEWEKEIDNYTGIIYNLLEESQNQQDKNEKELLELDKWASLWTWFDITNWLWYIKIFIMIVGGLVGLRIVFAVLSIVNRVRQGYSPLSFQTRLPAPRGLDRPEGTEEEGGDRDKDRSIRLVDGFLALIWDDLRSLCLFSYHRLRDLLLIVARVVEILGHRGWEILKYWWNLLQYWSQELKNSAVSLLNATAIAVAEGTDRIIEVLQRIGRAILHIPTRIRQGLERALL,B,1,50.0,1,400,1
71,CH181_12,MRVTGIRKNYRHLWRWGTMLLGMLMICSAEANLWVTVYYGVPVWKEATTILFCASDAKAYDTEAHNVWATHACVPTDPNPQEIFLVNVTENFNMWKNEMVNQMHEDVISLWDQSLKPCVKLTPLCVTLKCKNVNSTGKNVTSTSNGTYNSTYREEMKNCSFNATTALRDRKQTVYALFYRLDIVPLDEKSSSENSRGYYRLINCNTSAITQACPKVTFDPIPIHYCSPAGYALLKCNDKMFNGTGPCSNVSTVQCTHGIKPVVSTQLLLNGSLAEEEIIIRSENLTNNVKTIIVHLNQSVEIICTRPGNNTRKSIRIGPGQTFYATGDIIGDIRQAHCNISRDKWNETLQRVSKKLAEHFPNKTIKFASSSGGDLEITTHSFNCRGEFFYCNTSGLFNGTYMHNGTQSNSSNSSSIITIPCRIKQIINMWQEVGRAMYAPPIAGNITCKSNITGLLLVRDGGETNQTNFTETFRPGGGDMRDNWRSELYKYKVVEIKPLGVAPTKAKRRVVEREKRAVGGIGAVFLGFLGVAGSTMGAASITLTVQVRQLLSGIVQQQSNLLRAIEAQQHLLQLTVWGIKQLQTRVLAIERYLKDQQLLGIWGCSGKLICPTAVPWNSSWSNKSLTDIWENMTWMQWDKEISNYTNIIYRLLEDSQNQQEENEKDLLALDSWKNLWSWFDISKWLWYIKIFIMIVGGLIGLRIIFAVLSIVNRVRQGYSPLLFQTPTPNPGGPDRLGRIEEEGGERDKDRSIRLVNGFLALAWDDLRNLCLFSYHRLRDFILVAARVVELLGRHSLRGLQRGWEALKYLGSLVQYWGQELKKSATSLFDNLAIAVAGGTDRIIELVQGLCRAIYNIPRRIRQGFEAALQ,07_BC,0,0.601,0,400,4
73,QH0515_1,MRVKEIRRNCQRLRRWGTMLLGMLMICSATEQLWVTVYYGVPVWKEATTTLFCASDAKAYVTEKHNVWATHACVPTDPNPQEVVLENVTENFNMWKNNMVEQMHEDIISLWEQSLKPCVKLTPLCVTLNCTDKLRNDTSGTNSSSWEKVQKGEIKNCSFNITTGIRGRVQEYSLFYKLDVIPIDSRNNSNNSTEFSSYRLISCNTSVITQACPKISFEPIPIHYCAPAGFAILKCNDKKFNGTGPCKNVSTVQCTHGIKPVVSTQLLLNGSLAEEEVVIRSENFTNNVKSIIVQLNKSVVINCTRPNNNTRKSIHIGAGKALYTGEIIGDIRQAHCNLSRAQWNNTLKQIVIKLREQFGNKTIVFNQSSGGDVEIVMHSFNCGGEFFYCNSTQLFNSTWNGNDTWNDTWKDTTNDNITLPCRIKQIVNMWQKVGKAMYAPPIRGQIRCSSKITGLILTRDGGTNGTNETETFRPGGGNMKDNWRSELYKYKVVKIEPLGIAPTKAKRRVVQREKRAVGTIGAMFLGFLGAAGSTMGAASLTLTVQARLLLSGIVQQQNNLLRAIEAQQHLLQLTVWGIKQLQARVLAVERYLRDQQLLGIWGCSGRLICTTNVPWNTSWSNRSLNYIWDNMTWMQWDREINNYTDYIYTLLEDAQNQQEKNEQELLELDKWASLWNWFDITNWLWYIKIFIMIVGGLIGLRIVFAVLSIVNRVRQGYSPLSLQTHLPARRGPDRPEGIGEEGGERDRDRSVRLVHGFLALVWEDLRSLCLFSYHRLRDLLLIVARTVEILGQRGWEALKYWWNLLLYWSLELKNSAVSLVDTIAIAVAEGTDRIIEIARRIFRAFLHIPTRIRQGLERALL,B,0,0.3749777764607753,0,400,0
