,virus_id,sequence,subtype,phenotype,ic50,right_censored,bnAb,subtype_phenotype
0,CAP210_E8,MRVMGIQRNWQQWGIWGILGFWLLMICSGMGNLWVTVYYGVPVWKEAKTTLFCASDAKGYDTEVHNVWATHACVPTDPNPQEIVLENVTENFNMWKNDMVDQMHQDIISLWDQSLKPCVKLTPLCVTLNCSDATYNNGTNSTDTMKICSFNATTELRDKKKKEYALFYRLDIVPLKNESESQNFSEYILINCNTSTIAQACPKVSFDPIPIHYCAPAGYAILKCNNKTFNGTGPCNNVSTVQCTHGIKPVVSTQLLLNGSLAEEEVVIRSENISNNVKTIIVHLNESVNITCIRPGNNTRRSIRIGPGQAFYAMGDIIGNIREAHCNISEKAWNETLKKVVEKLVKYFPNKTIEFAPPVGGDLEITTHSFNCGGEFFYCNTTKLFNSTHNSTDSTVNSTDSTAETGNSTNTNITLPCRIRQIINMWQEVGRAMYAPPSKGNITCISNITGLLLTRDGGENKTENNDTEIFRPGGGDMKDNWRSELYKYKVVEIKPLGVAPTRAKRRVVEREKRAVGIGAVFLGFLGAAGSTMGAASITLTVQARQLLSGIVQQQSNLLRAIEAQQHMLQLTVWGIKQLQTRVLAIERYLKDQQLLGIWGCSGKLICTTNVPWNSSWSNKSYGDIWDNMTWMQWDREINNYTNTIYRLLEDSQNQQEKNEQDLLALDKWQSLWSWFSISSWLWYIKIFIMVVGGLIGLRIIFAVLSIVNRVRQGYSPLSLQTLPPNPRELDRLGGIEEEGGEQDRGRSVRLVSGFLPLAWDDLRSLCLFCYHRLRDLLLITTRAVELLARSILKGLQRGWEILKYLGSLVQYWGQELKKSAINLLDTTAIAVAEAADRILELLQRIWRGICNVPTRIRQGFEAALQ,C,1,50.0,1,234,3
1,RHPA4259_7,MRVMGIRKNYQHLWKWGTMLLWLLMICSAADQLWVTVYYGVPVWKEANTTLFCASDAKAYDTEAHNVWATHACVPTDPNPQEVVLENVTENFNMWKNHMVEQMHEDIISLWDQSLKPCVKLTPLCVTLNCTDLVNSNITRVDNTTEKEMKNCSFNVTSGIRDKVQKEYALLYKLDIVQIDNDNTSHRDNTSYRLISCNTSVITQACPKISFEPIPIHFCAPAGFAILKCNDKKFNGTGPCTNVSTVQCTHGIRPVVSTQLLLNGSLAEEEVVIRSENFTNNVKNIIVQLNESVQINCTRHNNNTRKSINIGPGRAFYATGKIIGDIRQAHCNISREKWQNTLKQIVKKLREQFKNKTIAFAPSSGGDPEIVMHSFNCNGEFFYCNTTKLFTSTWNSTWNSTWNNTEGSNSTVITLPCRIRQIINMWQEVGKAMYAPPIQGQIKCSSNITGLLLTRDGGVDTTKETFRPGGGNMKDNWRSELYKYKVVRIEPLGVAPTKAKRRVVQREKRAVGIGAMFLGFLGAAGSTMGAASITLTVQARLLLSGIVQQQSNLLRAIEAQQHLLQLTVWGIKQLQARVLAVERYLKDQQLLGIWGCSGKLICTTAVPWNASWSNKSQDTIWGNMTWMQWEREIDNYTDLIYNLLEESQNQQEKNEQELLALDKWASLWSWFSITHWLWYIKMFIMIVGGLVGLRIVFAVLSIVNRVRQGYSPLSFQTRFPAPRGPDRPEGIEEEGGERDRDRSGRSADGFLVLVWVDLRNLCLFSYHRLRDLLLIVTRTVELLGRRGWEALKYWWNLLQYWSQELKKSAVSLLDAIAIAVAEGTDRIIELLQRIFRAFLHIPTRIRQGLERALQ,B,1,50.0,1,234,1
2,BAL_26,MRVTEIRKSYQHWWRWGIMLLGMLMICNAEEKLWVTVYYGVPVWKEATTTLFCASDAKAYDTEVHNVWATHACVPTDPNPQEVKMENVTENFNMWKNNVVEQMHEDIISLWDQSLKPCVKLTPLCVTLNCTDLKNATNGNNTNTTSSSGGMMGGGEMKNCSFNITTNIRGKVQKEYALFYELDIVPIDNKIDSYRLISCNTSVITQACPKVSFEPIPIHYCAPAGFAILKCKDKKFNGKGPCSNVSTVQCTHGIRPVVSTQLLLNGSLAEEEVVIRSENFTNNAKIIVVQLNESVEINCTRPNNNTRKSIHIGPGRAFYTTGEIIGDIRQAHCNLSRAKWNDTLNKIVIKLREQFGNKTIVFKHSSGGDPEIVTHSFNCGGEFFYCNSTQLFNSTWNVTEESNNTVENNTITLPCRIKQIINMWQEVGRAMYAPPIRGQIRCSSNITGLLLTRDGGPEDDKTEVFRPGGGDMRDNWRSELYKYKVVKIEPLGVAPTKAKRRVVQREKRAVGIGAVLLGFLGAAGSTMGAASMTLTVQARLLLSGIVQQQNNLLRAIEAQQHLLQLTVWGIKQLQARVLAVERYLRDQQLLGIWGCSGKLICTTAVPWNASWSNKSLNKIWDNMTWMEWDREINNYTSIIYSLIEESQNQQEKNEQELLELDKWASLWNWFDITKWLWYIKIFIMIVGGLIGLRIVFSVLSIVNRVRQGYSPLSFQTHLPASRGPDRPGGIEEEGGERDRDRSGPLVNGFLTLIWVDLRSLFLFSYHRLRDLLLIVTRIVELLGRRGWEVLKYWWNLLQYWSQELKNSAVSLLNTIAIAVAEGTDRVIEVVQRAVRAILHIPRRIRQGLERALL,B,1,50.0,1,234,1
3,BZ167_12,MRVKGIRKNCQHLWKWGTMLLGMLMIRSAAEQLWVTVYYGVPVWKEATTTLFCASDAKTYDTEVHNVWATHACVPTDPNPQEIELVNVTENFNMWKNNMVEQMQEDIISLWDQSLKPCVKLTPLCVTLNCTDISNNSNTTNTSNPIIGEKMEKGEIKNCSFNITTNIRNKMQSTYALFYKLDVEPIDKNKNTTRYRLISCNNSVITQACPKVSFEPIPIHYCAPAGFAILKCNNKTFNGTGPCNKVSTVQCTHGIRPVVSTQLLLNGSLAEEGVVIRSENFTDNAKTILVQLKEPVEINCTRPNNKARRRIRIGPGRTFYTGKIVGDIRQAYCNISRAKWNNTLNQIVTKLREIEQFKNKTIVFNQSSGGDPEIVMHSFNCRGEFFYCNSTQLFNSTWNSTWNVDERSNDTTTLKLPCRIKQFVNMWQEVGKAMYAPPIDGQISCSSNITGLLLTRDGGNNTNETETFRPGGGDMRDNWRSELYKYKVVKVEPLGVAPTRAKRRVVQREKRAVGIGAVLLGFLGAAGSTMGAASLTLTVQARQLLSGIVQQQNNLLRAIEAQQHLLQLTVWGTKQLQARVLAVERYLRDQQLLGIWGCSGKLICTTAVPWNTSWSNRSHDSIWNNMTWMQWEREIDNYTGLIYTLIEESQNQQEKNEQELLELDKWASLWNWFNITQWLWYIKIFIMVVGGLIGLRIIFAVLSIVNRVRQGYSPLSFQTLLPTPREPDRPGGIEEEGGERDRDRSVRLVDGFLALIWEDLRNLCLFSYHRLRDLLLILTRIVELLGRRGWEILKYWWNLLQYWSQELKNSAVSLLNATAIAVAEGTDRAIDILQRAYRAIIHIPTRIRQGLEGALL,B,1,50.0,1,234,1
4,MW965_26,VMGIRKNWQQLWIWGILGFGMLMICDMKGLWVTIYYGVPVWKEAKTTLFCASEAKAYEKEVHNVWATHACVPTDPNPQEMVLENVTENFNMWKNDMVNQMHEDIISLWDQSLKPCVKLTPLCVTLNCTNANGTNNNGTVNVNDTMYGEIKNCSFNMTTELRDKKKQVYALFYKLDIVSLNENSNNSSEYRLINCNTSVITQACPKVTFDPIPIHYCAPAGYAILKCNNKTFTGIGPCKNVSTVQCTHGIKPVVSTQLLLNGSLAEEEIIVRSENLTDNVKTIIVHLNESVEIVCTRPNNNTRKSVRIGPGQTFYATGAIIGDIRQAHCNISTIKWNKTLQGVEKKLKEHFPNKTIEFKPSSGGDLEITTHSFNCRGEFFCCNTSNLFTSNLFTDNLTNTTNITLPCRIKQIINMWQGVGRAMYAPPIAGNITCKSNITGLLLTRDGGENNRTETFRPGGGDMKDNWRSELYKYKVVEIKPLGVAPTGANRRVVEREKRAVGIGAVFLGFLGAAGSTMGAASITLTVQARQLLSGIVQQQSNLLRAIEAQQHMLQLTVWGIKQLQARVLAIERYLRDQQLLGMWGCSGKLICTTAVPWNSSWSNKTYNDIWNNMTWMQWDREISNYTDTIYRLLEDSQNQQERNEKDLLALDSWNNLWNWFNITNWLWYIKIFIMIVGGLIGLRIIFAVLSIVNRVRQGYSPLSFQTLTPNPRGLDRLGGIEEEGGEQDRDRSIRLVSGFLPLAWDDLRSLCLFSYHQLRDFILIVARAVELLGRSSLRGLQRGWEALKYLGSLVQYWGLELKRSAISLLDTIAITVAEGTDRLIEVVQRIRRAICNIPRRIRQGFETALL,C,0,0.4,0,234,2
5,REJO4541_67,MKVKGIRRNYQHLWRWGIMLLGILMICSATEKLWVTVYYGVPVWKEATTTLFCASDAKAYDQEIHNIWATHACVPTDPNPQEVELKNVTENFNMWKSNMVEQMHEDIISLWDQSLKPCVKLTPLCVTLKCTDLNVTNSNSTDHSTNSSLEAKGEIKNCSFNITTTPRDKIQKEYAIFYKQDVVPIKNDNISYRLISCNTSVITQACPKVTFEPIPIHYCAPAGFAILKCNDKGFNGTGPCTNVSTVQCTHGIRPAISTQLLLNGSLAEDKVVIRSENFTDNAKIIIVHLNETVKINCTRPNNNTRKSIHIAPGRAFYATGEIIGDIRKAYCTINESEWNNTLQKIVVTLREQFRNKTIVFNQSSGGDPEVTMHTFNCGGEFFYCNTAQLFNSSWDTNTNGNDTQGPSENNTIILPCRIKQIINMWQRVGKAIYAPPISGQIRCLSNITGLILTRDGGNSSLSSPEIFRPGGGDMRDNWRSELYKYKVVQIEPLGIAPTRAKRRAVQREKRAVGIGALFLGFLGAAGSTMGAASVTLTVQARQLLSGIVQQQSNLLRAIEAQQHLLQLTVWGIKQLQARVLAMESYLKDQQLLGIWGCSGKLICTTTVPWNTSWSNKSLDQIWNNMTWREWEKEIDNYTDLIYTLIEKSQNQQEKNEQELLELDKWASLWNWFDITNWLWYIKIFIMVVGGLVGLRIVFAVLSIINRVRQGYSPLSFQTHLPAPRGPDRPEGIGEEGGERDSDRSGRSVDGFLPLIWVDLRSLFLFSYHRLTDLLLIVTRIVELLGRRGWGILKYWWSLLQYWSQELKNSAVSLLNATAIAVAERTDRIIEIVQRVFRALLHIPRRIRQGFERALL,B,1,50.0,1,234,1
6,ZM233_6,MRVRGIMRNWQQWWIWGSLGFWMLIICNVMGSLWVTVYYGVPVWREAKTTLFCASDAKAYETEAHSVWATHACVPTDPNPQEMVLENVTENFNMWKNDMVDQMHEDVISIWDQSLKPCVKLTPLCVTLDCSTYNNTHNISKEMKICSFNMTTELRDKKRKVNVLFYKLDLVPLTNSSNTTNYRLISCNTSTITQACPKVSFDPIPIHYCAPAGYAILKCNNKTFNGTGPCNNVSTVQCTHGIKPVVSTQLLLNGSLAEEEIIIRFENLTDNVKIIIVQLNETINITCTRPNNNTRKSIRIGPGQSFYATGEIVGNIREAHCNISASKWNKTLERVRTKLKEHFPNKTIEFEPSSGGDLEITTHSFNCGGEFFYCNTSGLFNSAINGTLTSNVTLPCRIKQIINMWQEVGRAMYAPPIAGNITCKSNITGLLLTRDGGENSSSTTETFRPTGGDMKNNWRSELYKYKVVEIKPLGIAPTEAKRRVVEREKRAVGIGAVFLGFLGAAGSTMGAASMTLTVQARQLLSGIVQQQSNLLKAIEAQQHMLQLTVWGIKQLQARVLAIERYLKDQQLLGLWGCSGKLICTTNVPWNASWSNKSKNDIWDNMTWMQWDREISNHTDTIYRLLEDSQNQQEKNEKDLLALDSWKNLWNWFSITKWLWYIKIFIMIVGGLIGLRIIFAVLSIVNRVRQGYSPLSFQTLTPNPRGPDRLGGIEEEGGEQDKNKSRRLVTGFLPVVWDDLRSLCLFSYHLLRDFILIVARTVELLGRRGWEALKYLGGLVQYWGLELKKSTISLLDTIAIVVAEGTDRIIEVLQRIGRAIYNIPRRIRQGFETALL,C,1,50.0,1,234,3
7,ZM109_4,MRVKGILRNCQQWWIWGILGFWMLMICNVVGNLWVTVYYGVPVWKEAKTTLFCASDAKSYEREVHNVWATHACVPTDPDPQELVMANVTENFNMWKNDMVDQMHEDIISLWDQSLKPCVKLTPLCVTLNCTSPAAHNESETRVKHCSFNITTDVKDRKQKVNATFYDLDIVPLSSSDNSSNSSLYRLISCNTSTITQACPKVSFDPIPIHYCAPAGYAILKCNNKTFSGKGPCSNVSTVQCTHGIRPVVSTQLLLNGSLAEEEIVIRSENLTDNAKTIIVHLNKSVEIECIRPGNNTRKSIRLGPGQTFYATGDVIGDIRKAYCKINGSEWNETLTKVSEKLKEYFNKTIRFAQHSGGDLEVTTHSFNCRGEFFYCNTSELFNSNATESNITLPCRIKQIINMWQGVGRAMYAPPIRGEIKCTSNITGLLLTRDGGNNNNSTEEIFRPEGGNMRDNWRSELYKYKVVEIKPLGIAPTEAKRRVVQREKRAVGIGAVFLGFLGAAGSTMGAASITLTVQARQLLSGIVQQQSNLLRAIEAQQHLLQLTVWGIKQLQARVLAIERYLQDQQLLGIWGCSGKLICTTAVPWNSSWSNKSKEEIWGNMTWMQWDKEVSNYTFTIYQLLEESQYQQEQNEKELLALNKWNDLWSWFNITNWLWYIKIFIMIVGGLIGLRIIFAVLSIVNRVRQGYSPLSFQTLTPNPGGPDRLGRIEGEGGEQDKNRSIRLVNGFLALIWDDLWSLCRFSYHLLRDFILIVARAVELLGRSSLKGLQRGWEALKYLGNLMQYWGLELKRSAINLLDTTAVAVAEGTDRIIELAQGIYRAICNIPRRIRQGFEAALQ,C,0,26.60000000000001,0,234,2
8,SS1196_1,MRVKETRKNCQNLWKGGTLLLGILMICSAEDNLWVTVYYGVPVWKEATTTLFCASDAKAYDTEKHNVWATHACVPTDPNPQEIVLKNVTENFNMWKNNMVEQMHEDIISLWDQSLKPCVKLTPLCVTLNCTDYFGNTTNNSSREAMMKKCSFNITTNIRDKGQKEYALFYKTDVVPIDNDNTSYRMISCNTSVITQACPKISFEPIPIHFCAPAGFAILKCFNKTFNGTGPCTNVSTVQCTHGIRPVVSTQLLLNGSLAEEEVVIRSENLTDNTKIIIVQLNKSVVINCTRPNNNTRKSIHIGPGRAFYATGGVIGDIRQAHCNISRKDWYEALQQIAIKLREQFENRTIAFNRSSGGDPEIVTHSFNCAGEFFYCNTTQLFNNTWNGTGWSDNSENTTGNGTITLPCRIKQIVNLWQEVGKAMYAPPIRGLIRCSSNITGLLLTRDGGNNTTTNGTQTEIFRPGGGDMRDNWRSELYKYKVVKIEPLGVAPTRAKRRVVRRERRAALGALFLGFLGAAGSTMGAASMTLTVQARLLLSGIVQQQNNLLRAIEAQQHLLQLTVWGIKQLQARVLALERYLRDQQLLGIWGCSGKLICTTSVPWNTSWSNKSYKEIWENMTWIQWEREIDNYTGIIYELIEESQNQQEKNEQELLELDKWENLWNWFSITNWLWYIKIFIMVVGGLVGLRIVFSVLSIVKRVRQGYSPLSFQTHHPAPRGPDRPEGIEEEGGERDRDTSGPLVGGFLTLIWVDLRSLFLFSYHRLRDLLLIVTRIVELLGRRGWEALKYWWNLLQYWGQELKNSAVSLLNATAITVAEGTDRILELLQRVCRAIRHIPRRIRQGLERILL,B,0,7.800000000000002,0,234,0
9,DJ263_8,MRVMGMQRNYPLLWKWGTIIFWIMIICNAEKLWVTVYYGVPVWRNAETTLFCASDAKAYDAEAHNVWATHACVPTDPNPQEIHLKNVTEKFNMWKNNMVEQMHEDIISLWDQSLKPCVKLTPLCVTLDCHNVNSSNSSTSNSSNSSTPINRTIDSDMQEEIKNCSFNMTTELRDKKQKVSALFYRLDVVQINESSNSQYRLINCNTSAITKACPKVTFEPIPIHYCAPAGFAILKCNDKKFNGTGLCKNVSTVQCTHGIKPVVSTQLLLNGSLAEEEVVIRSEDITNNAKNIIVQLVAPVRINCTRPNNNTRRSVRIGPGQTFYATGDIIGDIRQAHCNVSRSEWNRTLQQVAAQLRKHFNKTIIFANSSGGDIEITTHSFNCGGEFFYCNTSELFNSTWNSTWDNSSNHIESNHTEGNITLQCRIKQIVNMWQKVGLAMYAPPISGEIRCKSNITGLLLTRDGGSNNSTNETFRPGGGDMRDNWRSELYKYKVVKIEPLGVAPTRAKRRVVEREKRAVGLGAVFLGFLGAAGSTMGAASITLTVQARQLLSGIVQQQSNLLRAIEAQQHLLKLTVWGIKQLQARVLALESYLRDQQLLGIWGCSGKLICTTNVPWNSSWSNKTYNDIWDNMTWLQWDKEVSNYTDIIYNLIEESQNQQEKNEQDLLALDQWANLWNWFGITKWLWYIKIFIMIVGGLIGLRIVFAVLTIINRVRQGYSPLSFQTLTHHQRGPDRPERIEEGGGEQDGDRSGRLVSGFLALAWDDLRSLCLLSYHRLRDFVLIAVRAVELLGHSSLKGLRLGWEALQYLGNLLLYWGQELKNSAINLLDTIALAVANWTDRVIEIGQRVGRAILNIPRRIRQGLERALL,02_AG,0,0.7,0,234,4
10,HXB2,MRVKEKYQHLWRWGWRWGTMLLGMLMICSATEKLWVTVYYGVPVWKEATTTLFCASDAKAYDTEVHNVWATHACVPTDPNPQEVVLVNVTENFNMWKNDMVEQMHEDIISLWDQSLKPCVKLTPLCVSLKCTDLKNDTNTNSSSGRMIMEKGEIKNCSFNISTSIRGKVQKEYAFFYKLDIIPIDNDTTSYKLTSCNTSVITQACPKVSFEPIPIHYCAPAGFAILKCNNKTFNGTGPCTNVSTVQCTHGIRPVVSTQLLLNGSLAEEEVVIRSVNFTDNAKTIIVQLNTSVEINCTRPNNNTRKRIRIQRGPGRAFVTIGKIGNMRQAHCNISRAKWNNTLKQIASKLREQFGNNKTIIFKQSSGGDPEIVTHSFNCGGEFFYCNSTQLFNSTWFNSTWSTEGSNNTEGSDTITLPCRIKQIINMWQKVGKAMYAPPISGQIRCSSNITGLLLTRDGGNSNNESEIFRPGGGDMRDNWRSELYKYKVVKIEPLGVAPTKAKRRVVQREKRAVGIGALFLGFLGAAGSTMGAASMTLTVQARQLLSGIVQQQNNLLRAIEAQQHLLQLTVWGIKQLQARILAVERYLKDQQLLGIWGCSGKLICTTAVPWNASWSNKSLEQIWNHTTWMEWDREINNYTSLIHSLIEESQNQQEKNEQELLELDKWASLWNWFNITNWLWYIKLFIMIVGGLVGLRIVFAVLSIVNRVRQGYSPLSFQTHLPTPRGPDRPEGIEEEGGERDRDRSIRLVNGSLALIWDDLRSLCLFSYHRLRDLLLIVTRIVELLGRRGWEALKYWWNLLQYWSQELKNSAVSLLNATAIAVAEGTDRVIEVVQGACRAIRHIPRRIRQGLERILL,B,1,50.0,1,234,1
11,6535_3,MKVKGTRKNYQRLWRWGNMLTMLLGMLMICSATEKLWVTVYYGVPVWKEATTTLFCASEAKAYDTEVHNVWATHACVPTDPNPQEVELGNVTENFNMWKNDMVEQMHEDIISLWDQSLKPCVRLTPLCVTLDCTDLNNTTNTNNTTNTNSSKIEGGEMKNCSFNITTNRGDKRQKEYALLYRTDIVSIENTSSSYRLISCNTSVITQACPKVTFEPIPIHYCAPAGFAILKCNEDKFNGTGPCKNVSTVQCTHGIRPTVSTQLLLNGSLAKEEVIIRSANLSDNAKIIIVQLKDPVEINCTRPNNNTRKSINLGPGRAFYATGDIIGDIRQAHCNISRAKWNDTLREIAKKLAEQFNNRTIVFNQSSGGDPEIVMHSFNCAGEFFYCDTSQLFNSTWNSNSTWNDTNNNNSTEKIILSCRIRQIINRWQEVGKAMYAPPISGPIKCSSNITGLLLARDGGNETNVTETFRPAGGDMRDNWRSELYKYKVVQIEPLGIAPTKAKRRVVQREKRAVGMLGAMFLGFLGAAGSTIGAASMTLTVQARQLLSGIVQQQNNLLRAIEAQQHMLQLTVWGIKQLQARVLAVERYLKDQQLLGIWGCSGKLICTTAVPWNTSWSNKSLNYIWDNMTWMEWEREIDNYTSLIYTLIEESQNQQEKNELELLELDKWGSLWNWFSISNWLWYIRIFIIIVGGLVGLRIVFTVLSIVNRVRQGYSPLSFQTRLPATQRGQPDRPEGIEEEGGERDRARSIRLVDGFLALFWDDLRSLCLFSYHRLRDLLLIVARIVELLGHRGWEILKYWWNLLQYWRQELKKSAVSLLNTTAIVVAEGTDRIIEVVQRAYRAFLHIPRRIRQGLERALL,B,1,50.0,1,234,1
12,242_14,MKVMGIQKNYPSFWRWGMILFWIMMICNATNLWVTVYYGVPVWRDADTTLFCASDAKAYEKEVHNVWATHACVPTDPNPQEIHLKNVTEEFNMWKNNMVEQMHEDIISLWDQSLKPCVKLTPLCVTLDCIEIRNNTDNITVDSNMKGEITNCSFNMTTELRDKKQKVSAFFYRQDVVPVNSNQDNSSYRLINCNTSAITQACPKVTFEPIPIHYCAPAGFAILKCNDKKFNGTGPCKNVSTVQCTHGIKPVVSTQLLLNGSLAEEEVAIRSENISNNGKTIIVQLVKPVNITCIRPNNNTRKSVRIGPGQTFYATGEIIGNIRQAHCVVNKTEWNETLYQVVTRLREYFKNTTITFTNHSGGDLEVTTHSFNCGGEFFYCNTSELFNSNWTNTNNNTNNASSEANGNITLTCKIKQIINMWQRVGQAMYAPPIQGIIRCESNITGLLLTRDGGFRNDTNETYEAFRPGGGDMRDNWRSELYKYKVVKIEPLGVAPTHAKRRAVQREKRAVGLGAVFLGFLGAAGSTMGAASMTLTVQARQLLSGIVQQQSNLLRAIEAQQHLLRLTVWGIKQLQARVLALERYLRDQQLLGIWGCSGKLICTTAVPWNSSWSNKTYDDIWGNMTWLQWDKEISNYTQIIYSLIEESQNQQEKNEKDLLALDKWANLWNWLDITNWLWYIKIFIMIVGGLIGLRIVFAVLTVIRRVRQGYSPLSFQTLTHHHREPDRPERIEEGGGEQDRNRSVRLVSGFLALAWDDLRSLCLFSYHRLRDFLLVAARTVELLGHSSLKGLRLGWEALRYLGNLLSYWGQELKSSAINLLNTTAIAVANWTDRVIEIAQRAGRAICNIPTRIRQGVERALL,02A1,1,50.0,1,234,4
13,JRFL,MRVKGIRKNYQHLWRGGTLLLGIIVICSAVEKLWVTVYYGVPVWKEATTTLFCASDAKAYDTEVHNVWATHACVPTDPNPQEVVLGNVTEKFNMWKNNMVEQMQEDIISLWDQSLKPCVKLTPLCVTLNCKDVNATNTTNGSEGTMERGEIKNCSFNITTSIRDEVQKEYALFYKLDVVPIDNNNTSYRLISCDTSVITQACPKISFEPIPIHYCAPAGFAILKCNDKTFNGKGPCKNVSTVQCTHGIRPVVSTQLLLNGSLAEEEVVIRSDNFTNNAKTIIVQLKESVEINCTRPNNNTRKSIHIGPGRAFYTTGEIIGDIRQAHCNISRAKWNDTLKQIVIKLREQFENKTIVFNHSSGGDPEIVMHSFNCGGEFFYCNSTQLFNSTWNNNTEGSNNTEGNTITLPCRIKQIINMWQEVGKAMYAPPIRGQIRCSSNITGLLLTRDGGINENGTEIFRPGGGDMKDNWRSELYKYKVVKIEPLGVAPTKAKRRVVQREKRAVGIGAVFLGFLGAAGSTMGAASMTLTVQARLLLSGIVQQQNNLLRAIEAQQRMLQLTVWGIKQLQARVLAVERYLGDQQLLGIWGCSGKLICTTAVPWNASWSNKSLDRIWNNMTWMEWEREIDNYTSEIYTLIEESQNQQEKNEQELLELDKWASLWNWFDITKWLWYIKIFIMIVGGLIGLRIVFTVLSIVNRVRQGYSPLSFQTLLPAPRGPDRPEGIEEEGGERDRDRSGRLVNGFLALIWVDLRSLCLFSYHRLRDLLLTVTRIVELLGRRGWEVLKYWWNLLQYWSQELKNSAVSLLNATAIAVAEGTDRIIEALQRTYRAILHIPTRIRQGLERALL,B,1,50.0,1,234,1
14,25710_2_43,MRVRGTLRNYQQWWIWGVLGFWMLMICNVGGNLWVTVYYGVPVWKEATTTLFCASDAKAYDKEVHNVWATHACVPTDPNPQEMVLGNVTENFNMWKNEMVNQMHEDVISLWDQSLKPCVKLTPLCVTLECSNVTYNESMKEVKNCSFNLTTELRDKKQKVHALFYRLDIVPLNDTEKKNSSRPYRLINCNTSAITQACPKVTFDPIPIHYCTPAGYAILKCNDKKFNGTGPCHKVSTVQCTHGIKPVVSTQLLLNGSLAEGEIIIRSENLTNNAKTIIVHLNQSVEIVCARPSNNTRTSIRIGPGQTFYATGAITGDIRQAHCNISKDKWNETLQRVGEKLAEHFPNKTIKFNSSSGGDLEITTHSFNCRGEFFYCNTSGLFNGTFNGTYVSPNSTDSNSSSIITIPCRIKQIINMWQEVGRAMYAPPIAGNITCKSNITGLLLVRDGGTGSESNKTEIFRPGGGDMRDNWRSELYKYKVVEIKPLGVAPTKAKRRVVEREKRAVGIGAVFLGFLGAAGSTMGAASITLTVQARQLLSGIVQQQSNLLRAIEAQQHLLQLTVWGIKQLQTRVLAIERYLKDQQLLGIWGCSGKLICTTAVPWNYSWSNRSQDDIWDNMTWMQWDKEISNYTNTIYKLLEDSQIQQEKNEKDLLALDSWENLWNWFNITNWLWYIKIFIIIVGGLIGLRIIFAVLPIVNRVRQGYSPLSFQTHTPTPGGPDRLGRIEEEGGEQDNVRSIRLVNGFLALAWDDLRNLCLFSYHRLRDFILVAARVVELLGRNSLRGLQKGWEALKYLGSLVQYWGLELKRSAISLLDTIAIAVAEGTDRIIQLGQGICRAICNIPRRIRQGLEAALQ,C,1,50.0,1,234,3
15,ZM197_7,MRVMGILRNWQQWWIWGILGFWMLMICNMEQLWVTVYYGVPVWKEAKATLFCASDAKAYEKEVHNVWATHACVPTDPNPQEIPLGNVTENFNMWKNDMADQMHEDIISLWDQSLKPCVKLTPLCVTLNCSDATSNTTKNATNTNTTSTDNRNATSNDTEMKGEIKDCTFNITTEVRDRKTKQRALFYKLDVVPLEEEKNSSSKNSSYKEYRLISCNTSTITQACPKVSFDPIPIHYCAPAGYAILKCNNKTFNGTGPCHNVSTVQCTHGIKPVVSTQLLLNGSLAEEEIIIRSENLTDNTKTIIVHLNESVEIECVRPNNNTRKSVRIGPGQTFFATGEIIGDIRQAHCDLSKSNWTTTLKRIEKKLKEHFNNATIKFESSAGGDLEITTHSFNCRGEFFYCNTSGLFNSSLLNDTDGTSNSTSNATITLPCRIKQIINMWQEVGRAMYASPIAGIITCKSNITGLLLTRDGGNKSAGIETFRPGGGNMKDNWRSELYKYKVVEIKPLGIAPTSAKRRVVEREKRAAGIGAVILGFLGAAGSTMGAASVMLTVQARQLLSGIVQQQSNLLRAIEAQQHMLQLTVWGIKQLQTRVLAIERYLKDQQLLGLWGCSGKLICTTAVPWNTSWSNKSKDEIWDNMTWMQWDREIDNYTQVIYQLLEVSQNQQEKNENDLLALDKWNSLWSWFDITKWLWYIKIFIMIVGGLIGLRIIFAVLSVVNRVRQGYSPLSFQTLIPNPRGPDRPGGIEEEGGEQDKNRSTRLVSGFLALVWDDLRSLCLFSYHRLRDFILIAARAVELLGRSSLEGLQWGWETLKYLRNLVQYWGLELKQSAINLLDTIAIQVAEGTDRIIELIQRIFRAICNIPTRIRQGFEAALQ,C,1,50.0,1,234,3
16,QH0692_42,MRVKGIRRNWQGLWRWGTMLLGMLMICRAAENLWVTVYYGVPVWKEATTTLFCASDAKAYETEKHNVWATHACVPTDPNPQEVVLGNVTENFNMWKNNMVEQMHEDIISLWDESLKPCVKLTPLCVTLNCTDEVKTSYANKTSNETYKTSNETFGEIKNCSFSVPTGIKDKVQNVYALFYKLDVIPIDDNNNSSKNNNGSYSSYRLINCNTSVITQACPKVSFEPIPIHYCAPAGFAILKCNNKTFNGTGPCTNVSTVQCTHGIRPVVSTQLLLNGSLAEEEVVIRSENFTNNAKTIIVHLKKSVEINCTRPGNNTRKSIHIGPGRAFYATGDIIGDIRQAHCNLSSVQWNDTLKQIVIKLGEQFGTNKTIAFNQSSGGDPEIVMHSFNCGGEFFYCNTTQLFNSTWEFHGNWTRSNFTESNSTTITLPCRIKQIVNMWQEVGKAMYAPPIRGQIRCSSNITGLLLTRDGGVNGTRETFRPGGGDMRDNWRSELYKYKVVKIEPLGVAPTKAKRRVVQREKRAVGTIGAMFLGFLGAAGSTMGAASITLTVQARQLLSGIVQQQNNLLRAIEAQQHMLQLTVWGIKQLQARVLAVERYLRDQQLLGIWGCSGKLICTTAVPWNASWSNKSQDYIWNNMTWMQWDKEINNYTNLIYSLLEDSQNQQEKNEHELLELDKWASLWNWFDITRWLWYIKIFIMIVGGLIGLRIVIAVVSIVNRVRQGYSPISLQTHFPAPRGPDRPEGIEEGGGDRDRDRSLRLVHGSLALIWDDLRSLCIFSYHRLRDLLLIVARVVEILGRRGWEALKYWWNLLQYWSQELKNSAVSLLDATAIAVAEGTDRIIEIIRRAFRAILHIPTRIRQGLERALL,B,1,50.0,1,234,1
